1788256684842 0.0 0
1788256684844 -0.0007626515125749897 1
1788256684847 -0.003040299948778675 2
1788256684849 -0.006817486156329138 3
1788256684851 -0.012078750982944458 4
1788256684851 -0.018808635276342703 5
1788256684851 -0.02699167988424192 6
1788256684861 -0.036612425654360216 7
1788256684862 -0.04765541343441565 8
1788256684869 -0.060105184072126276 9
1788256684872 -0.07394627841521018 10
1788256684874 -0.08916323731138547 11
1788256684876 -0.10574060160837014 12
1788256684879 -0.12366291215388237 13
1788256684882 -0.1429147097956402 14
1788256684885 -0.16348053538136165 15
1788256684888 -0.18534492975876488 16
1788256684892 -0.2084924337755679 17
1788256684894 -0.23290758827948888 18
1788256684896 -0.25857493411824567 19
1788256684899 -0.2854790121395567 20
1788256684900 -0.3136043631911397 21
1788256684900 -0.34293552812071304 22
1788256684900 -0.37345704777599464 23
1788256684911 -0.40515346300470245 24
1788256684917 -0.4380093146545547 25
1788256684920 -0.47200914357326956 26
1788256684922 -0.507137490608565 27
1788256684922 -0.543378896608159 28
1788256684922 -0.5807179024197697 29
1788256684935 -0.6191390488911153 30
1788256684938 -0.6586268768699137 31
1788256684940 -0.699165927203883 32
1788256684943 -0.7407407407407414 33
1788256684945 -0.7833358583282068 34
1788256684947 -0.8269358208139972 35
1788256684949 -0.8715251690458312 36
1788256684952 -0.9170884438714262 37
1788256684956 -0.9636101861385005 38
1788256684959 -1.0110749366947727 39
1788256684961 -1.0594672363879598 40
1788256684963 -1.1087716260657807 41
1788256684965 -1.1589726465759536 42
1788256684967 -1.210054838766196 43
1788256684967 -1.2620027434842265 44
1788256684973 -1.3148009015777626 45
1788256684973 -1.3684338538945229 46
1788256684973 -1.4228861412822247 47
1788256684973 -1.4781423045885866 48
1788256684983 -1.5341868846613274 49
1788256684986 -1.5910044223481639 50
1788256684988 -1.648579458496815 51
1788256684990 -1.7068965339549984 52
1788256684992 -1.7659401895704325 53
1788256684994 -1.825694966190835 54
1788256684996 -1.886145404663924 55
1788256684998 -1.947276045837418 56
1788256685001 -2.0090714305590347 57
1788256685001 -2.0715160996764923 58
1788256685001 -2.134594594037509 59
1788256685011 -2.1982914544898025 60
1788256685011 -2.2625912218810904 61
1788256685011 -2.327478437059093 62
1788256685017 -2.3929376408715246 63
1788256685019 -2.458953374166108 64
1788256685021 -2.5255101777905566 65
1788256685023 -2.5925925925925926 66
1788256685025 -2.660185159419931 67
1788256685028 -2.7282724191202923 68
1788256685031 -2.796838912541391 69
1788256685035 -2.865869180530949 70
1788256685037 -2.9353477639366825 71
1788256685039 -3.00525920360631 72
1788256685042 -3.075588040387549 73
1788256685044 -3.1463188151281196 74
1788256685046 -3.217436068675736 75
1788256685048 -3.288924341878121 76
1788256685051 -3.3607681755829875 77
1788256685051 -3.432952110638059 78
1788256685051 -3.505460687891049 79
1788256685051 -3.5782784481896797 80
1788256685051 -3.651389932381665 81
1788256685062 -3.724779681314725 82
1788256685067 -3.7984322358365796 83
1788256685072 -3.872332136794942 84
1788256685076 -3.946463925037537 85
1788256685080 -4.020812141412077 86
1788256685084 -4.095361326766281 87
1788256685088 -4.17009602194787 88
1788256685092 -4.245000767804558 89
1788256685095 -4.3200601051840675 90
1788256685099 -4.395258574934114 91
1788256685101 -4.470580717902416 92
1788256685103 -4.54601107493669 93
1788256685103 -4.621534186884658 94
1788256685111 -4.697134594594032 95
1788256685116 -4.7727968389125355 96
1788256685119 -4.848505460687887 97
1788256685122 -4.9242450007678 98
1788256685125 -4.9999999999999964 99
