1788256685127 0.0 0
1788256685130 6.0606060606060606 1
1788256685134 12.121212121212121 2
1788256685137 18.18181818181818 3
1788256685139 24.242424242424242 4
1788256685141 30.303030303030305 5
1788256685143 36.36363636363636 6
1788256685146 42.42424242424242 7
1788256685148 48.484848484848484 8
1788256685150 54.54545454545455 9
1788256685153 60.60606060606061 10
1788256685158 66.66666666666667 11
1788256685158 72.72727272727272 12
1788256685167 78.78787878787878 13
1788256685170 84.84848484848484 14
1788256685173 90.9090909090909 15
1788256685175 96.96969696969697 16
1788256685177 103.03030303030303 17
1788256685180 109.0909090909091 18
1788256685183 115.15151515151516 19
1788256685187 121.21212121212122 20
1788256685191 127.27272727272727 21
1788256685194 133.33333333333334 22
1788256685196 139.3939393939394 23
1788256685198 145.45454545454544 24
1788256685202 151.5151515151515 25
1788256685202 157.57575757575756 26
1788256685202 163.63636363636363 27
1788256685211 169.6969696969697 28
1788256685217 175.75757575757575 29
1788256685220 181.8181818181818 30
1788256685223 187.87878787878788 31
1788256685225 193.93939393939394 32
1788256685227 200.0 33
1788256685229 206.06060606060606 34
1788256685232 212.12121212121212 35
1788256685234 218.1818181818182 36
1788256685237 224.24242424242425 37
1788256685239 230.3030303030303 38
1788256685241 236.36363636363637 39
1788256685244 242.42424242424244 40
1788256685246 248.48484848484847 41
1788256685248 254.54545454545453 42
1788256685251 260.6060606060606 43
1788256685252 266.6666666666667 44
1788256685252 272.72727272727275 45
1788256685252 278.7878787878788 46
1788256685263 284.8484848484849 47
1788256685268 290.9090909090909 48
1788256685268 296.96969696969694 49
1788256685276 303.030303030303 50
1788256685276 309.09090909090907 51
1788256685286 315.1515151515151 52
1788256685288 321.2121212121212 53
1788256685291 327.27272727272725 54
1788256685293 333.3333333333333 55
1788256685296 339.3939393939394 56
1788256685298 345.45454545454544 57
1788256685301 351.5151515151515 58
1788256685302 357.57575757575756 59
1788256685306 363.6363636363636 60
1788256685308 369.6969696969697 61
1788256685310 375.75757575757575 62
1788256685311 381.8181818181818 63
1788256685313 387.8787878787879 64
1788256685317 393.93939393939394 65
1788256685320 400.0 66
1788256685324 406.06060606060606 67
1788256685328 412.1212121212121 68
1788256685330 418.1818181818182 69
1788256685332 424.24242424242425 70
1788256685335 430.3030303030303 71
1788256685339 436.3636363636364 72
1788256685342 442.42424242424244 73
1788256685346 448.4848484848485 74
1788256685350 454.54545454545456 75
1788256685353 460.6060606060606 76
1788256685353 466.6666666666667 77
1788256685353 472.72727272727275 78
1788256685353 478.7878787878788 79
1788256685353 484.8484848484849 80
1788256685353 490.9090909090909 81
1788256685368 496.96969696969694 82
1788256685372 503.030303030303 83
1788256685372 509.09090909090907 84
1788256685379 515.1515151515151 85
1788256685383 521.2121212121212 86
1788256685386 527.2727272727273 87
1788256685388 533.3333333333334 88
1788256685390 539.3939393939394 89
1788256685394 545.4545454545455 90
1788256685398 551.5151515151515 91
1788256685400 557.5757575757576 92
1788256685403 563.6363636363636 93
1788256685405 569.6969696969697 94
1788256685408 575.7575757575758 95
1788256685410 581.8181818181818 96
1788256685412 587.8787878787879 97
1788256685414 593.9393939393939 98
1788256685417 600.0 99
