1783431495372 0.0 0
1783431495377 6.0606060606060606 1
1783431495382 12.121212121212121 2
1783431495386 18.18181818181818 3
1783431495389 24.242424242424242 4
1783431495392 30.303030303030305 5
1783431495396 36.36363636363636 6
1783431495399 42.42424242424242 7
1783431495403 48.484848484848484 8
1783431495407 54.54545454545455 9
1783431495410 60.60606060606061 10
1783431495413 66.66666666666667 11
1783431495417 72.72727272727272 12
1783431495420 78.78787878787878 13
1783431495423 84.84848484848484 14
1783431495427 90.9090909090909 15
1783431495430 96.96969696969697 16
1783431495434 103.03030303030303 17
1783431495438 109.0909090909091 18
1783431495441 115.15151515151516 19
1783431495444 121.21212121212122 20
1783431495448 127.27272727272727 21
1783431495452 133.33333333333334 22
1783431495454 139.3939393939394 23
1783431495458 145.45454545454544 24
1783431495467 151.5151515151515 25
1783431495475 157.57575757575756 26
1783431495479 163.63636363636363 27
1783431495481 169.6969696969697 28
1783431495485 175.75757575757575 29
1783431495488 181.8181818181818 30
1783431495491 187.87878787878788 31
1783431495494 193.93939393939394 32
1783431495496 200.0 33
1783431495499 206.06060606060606 34
1783431495501 212.12121212121212 35
1783431495504 218.1818181818182 36
1783431495506 224.24242424242425 37
1783431495510 230.3030303030303 38
1783431495513 236.36363636363637 39
1783431495517 242.42424242424244 40
1783431495520 248.48484848484847 41
1783431495523 254.54545454545453 42
1783431495526 260.6060606060606 43
1783431495529 266.6666666666667 44
1783431495533 272.72727272727275 45
1783431495537 278.7878787878788 46
1783431495539 284.8484848484849 47
1783431495543 290.9090909090909 48
1783431495546 296.96969696969694 49
1783431495549 303.030303030303 50
1783431495552 309.09090909090907 51
1783431495555 315.1515151515151 52
1783431495558 321.2121212121212 53
1783431495561 327.27272727272725 54
1783431495564 333.3333333333333 55
1783431495567 339.3939393939394 56
1783431495569 345.45454545454544 57
1783431495573 351.5151515151515 58
1783431495576 357.57575757575756 59
1783431495585 363.6363636363636 60
1783431495591 369.6969696969697 61
1783431495599 375.75757575757575 62
1783431495610 381.8181818181818 63
1783431495620 387.8787878787879 64
1783431495632 393.93939393939394 65
1783431495643 400.0 66
1783431495655 406.06060606060606 67
1783431495665 412.1212121212121 68
1783431495678 418.1818181818182 69
1783431495690 424.24242424242425 70
1783431495700 430.3030303030303 71
1783431495712 436.3636363636364 72
1783431495723 442.42424242424244 73
1783431495732 448.4848484848485 74
1783431495744 454.54545454545456 75
1783431495755 460.6060606060606 76
1783431495766 466.6666666666667 77
1783431495774 472.72727272727275 78
1783431495784 478.7878787878788 79
1783431495796 484.8484848484849 80
1783431495804 490.9090909090909 81
1783431495809 496.96969696969694 82
1783431495813 503.030303030303 83
1783431495817 509.09090909090907 84
1783431495820 515.1515151515151 85
1783431495825 521.2121212121212 86
1783431495830 527.2727272727273 87
1783431495835 533.3333333333334 88
1783431495843 539.3939393939394 89
1783431495850 545.4545454545455 90
1783431495857 551.5151515151515 91
1783431495860 557.5757575757576 92
1783431495865 563.6363636363636 93
1783431495871 569.6969696969697 94
1783431495874 575.7575757575758 95
1783431495879 581.8181818181818 96
1783431495885 587.8787878787879 97
1783431495890 593.9393939393939 98
1783431495896 600.0 99
