1783431494868 0.0 0
1783431494874 -0.0007626515125749892 1
1783431494879 -0.0030402999487786743 2
1783431494884 -0.006817486156329138 3
1783431494887 -0.01207875098294446 4
1783431494891 -0.01880863527634271 5
1783431494895 -0.02699167988424193 6
1783431494899 -0.03661242565436023 7
1783431494902 -0.04765541343441567 8
1783431494909 -0.06010518407212631 9
1783431494915 -0.07394627841521022 10
1783431494919 -0.08916323731138552 11
1783431494922 -0.10574060160837022 12
1783431494926 -0.12366291215388246 13
1783431494931 -0.1429147097956403 14
1783431494936 -0.16348053538136176 15
1783431494942 -0.185344929758765 16
1783431494948 -0.2084924337755681 17
1783431494951 -0.23290758827948904 18
1783431494957 -0.2585749341182458 19
1783431494963 -0.28547901213955673 20
1783431494969 -0.3136043631911397 21
1783431494974 -0.3429355281207131 22
1783431494981 -0.37345704777599464 23
1783431494987 -0.40515346300470234 24
1783431494991 -0.4380093146545546 25
1783431494997 -0.4720091435732694 26
1783431495002 -0.5071374906085647 27
1783431495006 -0.5433788966081587 28
1783431495009 -0.5807179024197693 29
1783431495014 -0.6191390488911148 30
1783431495018 -0.6586268768699132 31
1783431495022 -0.6991659272038824 32
1783431495027 -0.7407407407407406 33
1783431495033 -0.783335858328206 34
1783431495036 -0.8269358208139965 35
1783431495040 -0.8715251690458302 36
1783431495044 -0.9170884438714253 37
1783431495047 -0.9636101861384998 38
1783431495051 -1.0110749366947716 39
1783431495055 -1.059467236387959 40
1783431495060 -1.1087716260657798 41
1783431495062 -1.1589726465759524 42
1783431495067 -1.2100548387661951 43
1783431495072 -1.2620027434842254 44
1783431495078 -1.3148009015777615 45
1783431495083 -1.3684338538945215 46
1783431495089 -1.4228861412822236 47
1783431495094 -1.4781423045885853 48
1783431495101 -1.534186884661326 49
1783431495106 -1.5910044223481628 50
1783431495111 -1.648579458496814 51
1783431495115 -1.7068965339549973 52
1783431495120 -1.7659401895704314 53
1783431495124 -1.8256949661908342 54
1783431495128 -1.8861454046639232 55
1783431495133 -1.9472760458374172 56
1783431495140 -2.0090714305590343 57
1783431495146 -2.071516099676492 58
1783431495152 -2.1345945940375084 59
1783431495158 -2.1982914544898025 60
1783431495163 -2.2625912218810904 61
1783431495169 -2.327478437059093 62
1783431495174 -2.392937640871525 63
1783431495178 -2.458953374166109 64
1783431495183 -2.525510177790558 65
1783431495188 -2.592592592592593 66
1783431495194 -2.660185159419932 67
1783431495199 -2.728272419120293 68
1783431495205 -2.796838912541393 69
1783431495211 -2.8658691805309506 70
1783431495216 -2.9353477639366843 71
1783431495221 -3.005259203606312 72
1783431495225 -3.0755880403875513 73
1783431495230 -3.146318815128122 74
1783431495234 -3.2174360686757386 75
1783431495239 -3.2889243418781233 76
1783431495245 -3.3607681755829906 77
1783431495248 -3.432952110638063 78
1783431495252 -3.5054606878910533 79
1783431495256 -3.5782784481896828 80
1783431495260 -3.6513899323816688 81
1783431495262 -3.724779681314729 82
1783431495268 -3.798432235836583 83
1783431495274 -3.872332136794947 84
1783431495280 -3.946463925037542 85
1783431495285 -4.020812141412082 86
1783431495289 -4.0953613267662865 87
1783431495293 -4.170096021947876 88
1783431495297 -4.245000767804566 89
1783431495304 -4.320060105184075 90
1783431495314 -4.39525857493412 91
1783431495324 -4.470580717902423 92
1783431495346 -4.546011074936697 93
1783431495351 -4.621534186884664 94
1783431495357 -4.69713459459404 95
1783431495360 -4.772796838912543 96
1783431495363 -4.8485054606878935 97
1783431495366 -4.924245000767805 98
1783431495369 -5.000000000000003 99
