1784898011037 0.0 0
1784898011042 6.0606060606060606 1
1784898011049 12.121212121212121 2
1784898011054 18.18181818181818 3
1784898011060 24.242424242424242 4
1784898011066 30.303030303030305 5
1784898011071 36.36363636363636 6
1784898011075 42.42424242424242 7
1784898011082 48.484848484848484 8
1784898011087 54.54545454545455 9
1784898011093 60.60606060606061 10
1784898011099 66.66666666666667 11
1784898011104 72.72727272727272 12
1784898011109 78.78787878787878 13
1784898011115 84.84848484848484 14
1784898011119 90.9090909090909 15
1784898011126 96.96969696969697 16
1784898011133 103.03030303030303 17
1784898011139 109.0909090909091 18
1784898011144 115.15151515151516 19
1784898011150 121.21212121212122 20
1784898011155 127.27272727272727 21
1784898011160 133.33333333333334 22
1784898011166 139.3939393939394 23
1784898011171 145.45454545454544 24
1784898011176 151.5151515151515 25
1784898011182 157.57575757575756 26
1784898011188 163.63636363636363 27
1784898011194 169.6969696969697 28
1784898011200 175.75757575757575 29
1784898011206 181.8181818181818 30
1784898011212 187.87878787878788 31
1784898011217 193.93939393939394 32
1784898011222 200.0 33
1784898011228 206.06060606060606 34
1784898011234 212.12121212121212 35
1784898011239 218.1818181818182 36
1784898011245 224.24242424242425 37
1784898011250 230.3030303030303 38
1784898011256 236.36363636363637 39
1784898011260 242.42424242424244 40
1784898011264 248.48484848484847 41
1784898011267 254.54545454545453 42
1784898011272 260.6060606060606 43
1784898011278 266.6666666666667 44
1784898011284 272.72727272727275 45
1784898011289 278.7878787878788 46
1784898011293 284.8484848484849 47
1784898011298 290.9090909090909 48
1784898011304 296.96969696969694 49
1784898011310 303.030303030303 50
1784898011316 309.09090909090907 51
1784898011322 315.1515151515151 52
1784898011327 321.2121212121212 53
1784898011333 327.27272727272725 54
1784898011338 333.3333333333333 55
1784898011344 339.3939393939394 56
1784898011350 345.45454545454544 57
1784898011355 351.5151515151515 58
1784898011361 357.57575757575756 59
1784898011367 363.6363636363636 60
1784898011372 369.6969696969697 61
1784898011377 375.75757575757575 62
1784898011382 381.8181818181818 63
1784898011389 387.8787878787879 64
1784898011394 393.93939393939394 65
1784898011400 400.0 66
1784898011406 406.06060606060606 67
1784898011411 412.1212121212121 68
1784898011417 418.1818181818182 69
1784898011422 424.24242424242425 70
1784898011428 430.3030303030303 71
1784898011434 436.3636363636364 72
1784898011439 442.42424242424244 73
1784898011445 448.4848484848485 74
1784898011450 454.54545454545456 75
1784898011456 460.6060606060606 76
1784898011462 466.6666666666667 77
1784898011467 472.72727272727275 78
1784898011472 478.7878787878788 79
1784898011477 484.8484848484849 80
1784898011482 490.9090909090909 81
1784898011487 496.96969696969694 82
1784898011492 503.030303030303 83
1784898011498 509.09090909090907 84
1784898011503 515.1515151515151 85
1784898011509 521.2121212121212 86
1784898011515 527.2727272727273 87
1784898011522 533.3333333333334 88
1784898011527 539.3939393939394 89
1784898011533 545.4545454545455 90
1784898011539 551.5151515151515 91
1784898011544 557.5757575757576 92
1784898011550 563.6363636363636 93
1784898011556 569.6969696969697 94
1784898011561 575.7575757575758 95
1784898011566 581.8181818181818 96
1784898011573 587.8787878787879 97
1784898011577 593.9393939393939 98
1784898011582 600.0 99
