1784898010502 0.0 0
1784898010508 -0.0007626515125749897 1
1784898010513 -0.003040299948778675 2
1784898010520 -0.006817486156329138 3
1784898010525 -0.012078750982944458 4
1784898010530 -0.018808635276342703 5
1784898010536 -0.02699167988424192 6
1784898010541 -0.036612425654360216 7
1784898010546 -0.04765541343441565 8
1784898010552 -0.060105184072126276 9
1784898010557 -0.07394627841521018 10
1784898010562 -0.08916323731138547 11
1784898010568 -0.10574060160837014 12
1784898010574 -0.12366291215388237 13
1784898010580 -0.1429147097956402 14
1784898010585 -0.16348053538136165 15
1784898010590 -0.18534492975876488 16
1784898010596 -0.2084924337755679 17
1784898010602 -0.23290758827948888 18
1784898010608 -0.25857493411824567 19
1784898010614 -0.2854790121395567 20
1784898010619 -0.3136043631911397 21
1784898010624 -0.34293552812071304 22
1784898010629 -0.37345704777599464 23
1784898010634 -0.40515346300470245 24
1784898010640 -0.4380093146545547 25
1784898010646 -0.47200914357326956 26
1784898010651 -0.507137490608565 27
1784898010656 -0.543378896608159 28
1784898010662 -0.5807179024197697 29
1784898010668 -0.6191390488911153 30
1784898010673 -0.6586268768699137 31
1784898010678 -0.699165927203883 32
1784898010683 -0.7407407407407414 33
1784898010688 -0.7833358583282068 34
1784898010694 -0.8269358208139972 35
1784898010700 -0.8715251690458312 36
1784898010706 -0.9170884438714262 37
1784898010711 -0.9636101861385005 38
1784898010717 -1.0110749366947727 39
1784898010721 -1.0594672363879598 40
1784898010726 -1.1087716260657807 41
1784898010729 -1.1589726465759536 42
1784898010733 -1.210054838766196 43
1784898010737 -1.2620027434842265 44
1784898010741 -1.3148009015777626 45
1784898010745 -1.3684338538945229 46
1784898010749 -1.4228861412822247 47
1784898010753 -1.4781423045885866 48
1784898010757 -1.5341868846613274 49
1784898010761 -1.5910044223481639 50
1784898010765 -1.648579458496815 51
1784898010771 -1.7068965339549984 52
1784898010777 -1.7659401895704325 53
1784898010782 -1.825694966190835 54
1784898010787 -1.886145404663924 55
1784898010792 -1.947276045837418 56
1784898010797 -2.0090714305590347 57
1784898010802 -2.0715160996764923 58
1784898010808 -2.134594594037509 59
1784898010814 -2.1982914544898025 60
1784898010819 -2.2625912218810904 61
1784898010825 -2.327478437059093 62
1784898010830 -2.3929376408715246 63
1784898010835 -2.458953374166108 64
1784898010840 -2.5255101777905566 65
1784898010845 -2.5925925925925926 66
1784898010851 -2.660185159419931 67
1784898010856 -2.7282724191202923 68
1784898010862 -2.796838912541391 69
1784898010868 -2.865869180530949 70
1784898010874 -2.9353477639366825 71
1784898010879 -3.00525920360631 72
1784898010885 -3.075588040387549 73
1784898010890 -3.1463188151281196 74
1784898010896 -3.217436068675736 75
1784898010902 -3.288924341878121 76
1784898010908 -3.3607681755829875 77
1784898010912 -3.432952110638059 78
1784898010919 -3.505460687891049 79
1784898010925 -3.5782784481896797 80
1784898010932 -3.651389932381665 81
1784898010937 -3.724779681314725 82
1784898010943 -3.7984322358365796 83
1784898010948 -3.872332136794942 84
1784898010952 -3.946463925037537 85
1784898010958 -4.020812141412077 86
1784898010963 -4.095361326766281 87
1784898010969 -4.17009602194787 88
1784898010974 -4.245000767804558 89
1784898010981 -4.3200601051840675 90
1784898010986 -4.395258574934114 91
1784898010993 -4.470580717902416 92
1784898010998 -4.54601107493669 93
1784898011003 -4.621534186884658 94
1784898011008 -4.697134594594032 95
1784898011013 -4.7727968389125355 96
1784898011018 -4.848505460687887 97
1784898011024 -4.9242450007678 98
1784898011030 -4.9999999999999964 99
