1788264122492 0.0 0
1788264122492 6.0606060606060606 1
1788264122492 12.121212121212121 2
1788264122502 18.18181818181818 3
1788264122505 24.242424242424242 4
1788264122508 30.303030303030305 5
1788264122510 36.36363636363636 6
1788264122512 42.42424242424242 7
1788264122514 48.484848484848484 8
1788264122516 54.54545454545455 9
1788264122518 60.60606060606061 10
1788264122520 66.66666666666667 11
1788264122522 72.72727272727272 12
1788264122524 78.78787878787878 13
1788264122527 84.84848484848484 14
1788264122529 90.9090909090909 15
1788264122532 96.96969696969697 16
1788264122536 103.03030303030303 17
1788264122539 109.0909090909091 18
1788264122542 115.15151515151516 19
1788264122543 121.21212121212122 20
1788264122545 127.27272727272727 21
1788264122548 133.33333333333334 22
1788264122550 139.3939393939394 23
1788264122555 145.45454545454544 24
1788264122559 151.5151515151515 25
1788264122561 157.57575757575756 26
1788264122563 163.63636363636363 27
1788264122565 169.6969696969697 28
1788264122567 175.75757575757575 29
1788264122570 181.8181818181818 30
1788264122573 187.87878787878788 31
1788264122576 193.93939393939394 32
1788264122580 200.0 33
1788264122582 206.06060606060606 34
1788264122584 212.12121212121212 35
1788264122598 218.1818181818182 36
1788264122612 224.24242424242425 37
1788264122616 230.3030303030303 38
1788264122620 236.36363636363637 39
1788264122625 242.42424242424244 40
1788264122629 248.48484848484847 41
1788264122634 254.54545454545453 42
1788264122639 260.6060606060606 43
1788264122645 266.6666666666667 44
1788264122650 272.72727272727275 45
1788264122654 278.7878787878788 46
1788264122658 284.8484848484849 47
1788264122661 290.9090909090909 48
1788264122664 296.96969696969694 49
1788264122668 303.030303030303 50
1788264122672 309.09090909090907 51
1788264122674 315.1515151515151 52
1788264122677 321.2121212121212 53
1788264122679 327.27272727272725 54
1788264122682 333.3333333333333 55
1788264122684 339.3939393939394 56
1788264122687 345.45454545454544 57
1788264122690 351.5151515151515 58
1788264122692 357.57575757575756 59
1788264122694 363.6363636363636 60
1788264122696 369.6969696969697 61
1788264122699 375.75757575757575 62
1788264122701 381.8181818181818 63
1788264122705 387.8787878787879 64
1788264122708 393.93939393939394 65
1788264122708 400.0 66
1788264122708 406.06060606060606 67
1788264122719 412.1212121212121 68
1788264122721 418.1818181818182 69
1788264122723 424.24242424242425 70
1788264122727 430.3030303030303 71
1788264122731 436.3636363636364 72
1788264122735 442.42424242424244 73
1788264122738 448.4848484848485 74
1788264122742 454.54545454545456 75
1788264122746 460.6060606060606 76
1788264122750 466.6666666666667 77
1788264122754 472.72727272727275 78
1788264122759 478.7878787878788 79
1788264122759 484.8484848484849 80
1788264122759 490.9090909090909 81
1788264122772 496.96969696969694 82
1788264122774 503.030303030303 83
1788264122779 509.09090909090907 84
1788264122783 515.1515151515151 85
1788264122787 521.2121212121212 86
1788264122791 527.2727272727273 87
1788264122794 533.3333333333334 88
1788264122799 539.3939393939394 89
1788264122803 545.4545454545455 90
1788264122806 551.5151515151515 91
1788264122809 557.5757575757576 92
1788264122810 563.6363636363636 93
1788264122815 569.6969696969697 94
1788264122817 575.7575757575758 95
1788264122821 581.8181818181818 96
1788264122823 587.8787878787879 97
1788264122826 593.9393939393939 98
1788264122829 600.0 99
