1788264122212 0.0 0
1788264122217 -0.0007626515125749894 1
1788264122221 -0.0030402999487786735 2
1788264122225 -0.0068174861563291365 3
1788264122230 -0.01207875098294446 4
1788264122234 -0.018808635276342703 5
1788264122238 -0.026991679884241934 6
1788264122242 -0.03661242565436024 7
1788264122245 -0.04765541343441568 8
1788264122247 -0.06010518407212633 9
1788264122249 -0.07394627841521026 10
1788264122253 -0.08916323731138556 11
1788264122257 -0.10574060160837027 12
1788264122261 -0.12366291215388252 13
1788264122267 -0.14291470979564042 14
1788264122271 -0.16348053538136192 15
1788264122273 -0.1853449297587652 16
1788264122276 -0.2084924337755684 17
1788264122279 -0.2329075882794894 18
1788264122282 -0.25857493411824567 19
1788264122286 -0.2854790121395566 20
1788264122289 -0.31360436319113966 21
1788264122293 -0.342935528120713 22
1788264122295 -0.37345704777599453 23
1788264122297 -0.40515346300470223 24
1788264122299 -0.4380093146545545 25
1788264122301 -0.4720091435732693 26
1788264122304 -0.5071374906085646 27
1788264122305 -0.5433788966081585 28
1788264122305 -0.5807179024197692 29
1788264122305 -0.6191390488911146 30
1788264122305 -0.6586268768699131 31
1788264122320 -0.6991659272038822 32
1788264122324 -0.7407407407407405 33
1788264122328 -0.7833358583282057 34
1788264122332 -0.8269358208139963 35
1788264122334 -0.8715251690458299 36
1788264122336 -0.9170884438714251 37
1788264122338 -0.9636101861384994 38
1788264122341 -1.011074936694771 39
1788264122343 -1.0594672363879587 40
1788264122346 -1.1087716260657796 41
1788264122348 -1.158972646575952 42
1788264122350 -1.2100548387661947 43
1788264122353 -1.2620027434842251 44
1788264122357 -1.3148009015777613 45
1788264122359 -1.3684338538945213 46
1788264122361 -1.4228861412822233 47
1788264122363 -1.478142304588585 48
1788264122366 -1.5341868846613258 49
1788264122369 -1.5910044223481623 50
1788264122371 -1.6485794584968136 51
1788264122374 -1.706896533954997 52
1788264122376 -1.7659401895704312 53
1788264122378 -1.825694966190834 54
1788264122380 -1.8861454046639228 55
1788264122382 -1.9472760458374172 56
1788264122384 -2.009071430559034 57
1788264122388 -2.0715160996764914 58
1788264122391 -2.1345945940375084 59
1788264122394 -2.198291454489802 60
1788264122396 -2.26259122188109 61
1788264122399 -2.3274784370590926 62
1788264122401 -2.3929376408715246 63
1788264122404 -2.458953374166108 64
1788264122407 -2.5255101777905575 65
1788264122407 -2.592592592592593 66
1788264122407 -2.6601851594199317 67
1788264122407 -2.728272419120293 68
1788264122420 -2.7968389125413924 69
1788264122423 -2.865869180530951 70
1788264122425 -2.935347763936684 71
1788264122427 -3.0052592036063115 72
1788264122430 -3.0755880403875513 73
1788264122432 -3.146318815128122 74
1788264122434 -3.2174360686757386 75
1788264122437 -3.2889243418781238 76
1788264122441 -3.360768175582991 77
1788264122443 -3.432952110638063 78
1788264122445 -3.5054606878910537 79
1788264122447 -3.5782784481896845 80
1788264122449 -3.651389932381669 81
1788264122452 -3.72477968131473 82
1788264122453 -3.7984322358365845 83
1788264122455 -3.8723321367949484 84
1788264122455 -3.9464639250375426 85
1788264122455 -4.020812141412083 86
1788264122455 -4.095361326766288 87
1788264122455 -4.170096021947878 88
1788264122455 -4.245000767804566 89
1788264122470 -4.320060105184077 90
1788264122472 -4.395258574934122 91
1788264122474 -4.470580717902425 92
1788264122476 -4.546011074936699 93
1788264122479 -4.621534186884666 94
1788264122481 -4.697134594594043 95
1788264122483 -4.772796838912546 96
1788264122485 -4.848505460687897 97
1788264122488 -4.924245000767809 98
1788264122492 -5.000000000000006 99
