1783425663166 0.0 0
1783425663169 6.0606060606060606 1
1783425663171 12.121212121212121 2
1783425663173 18.18181818181818 3
1783425663175 24.242424242424242 4
1783425663178 30.303030303030305 5
1783425663181 36.36363636363636 6
1783425663184 42.42424242424242 7
1783425663186 48.484848484848484 8
1783425663187 54.54545454545455 9
1783425663189 60.60606060606061 10
1783425663191 66.66666666666667 11
1783425663193 72.72727272727272 12
1783425663196 78.78787878787878 13
1783425663197 84.84848484848484 14
1783425663199 90.9090909090909 15
1783425663200 96.96969696969697 16
1783425663201 103.03030303030303 17
1783425663204 109.0909090909091 18
1783425663206 115.15151515151516 19
1783425663208 121.21212121212122 20
1783425663209 127.27272727272727 21
1783425663212 133.33333333333334 22
1783425663213 139.3939393939394 23
1783425663215 145.45454545454544 24
1783425663217 151.5151515151515 25
1783425663220 157.57575757575756 26
1783425663222 163.63636363636363 27
1783425663225 169.6969696969697 28
1783425663228 175.75757575757575 29
1783425663230 181.8181818181818 30
1783425663231 187.87878787878788 31
1783425663233 193.93939393939394 32
1783425663234 200.0 33
1783425663236 206.06060606060606 34
1783425663237 212.12121212121212 35
1783425663238 218.1818181818182 36
1783425663240 224.24242424242425 37
1783425663241 230.3030303030303 38
1783425663243 236.36363636363637 39
1783425663247 242.42424242424244 40
1783425663248 248.48484848484847 41
1783425663252 254.54545454545453 42
1783425663253 260.6060606060606 43
1783425663253 266.6666666666667 44
1783425663256 272.72727272727275 45
1783425663256 278.7878787878788 46
1783425663262 284.8484848484849 47
1783425663265 290.9090909090909 48
1783425663267 296.96969696969694 49
1783425663268 303.030303030303 50
1783425663269 309.09090909090907 51
1783425663271 315.1515151515151 52
1783425663272 321.2121212121212 53
1783425663273 327.27272727272725 54
1783425663274 333.3333333333333 55
1783425663275 339.3939393939394 56
1783425663280 345.45454545454544 57
1783425663282 351.5151515151515 58
1783425663286 357.57575757575756 59
1783425663287 363.6363636363636 60
1783425663288 369.6969696969697 61
1783425663290 375.75757575757575 62
1783425663292 381.8181818181818 63
1783425663296 387.8787878787879 64
1783425663298 393.93939393939394 65
1783425663300 400.0 66
1783425663301 406.06060606060606 67
1783425663303 412.1212121212121 68
1783425663305 418.1818181818182 69
1783425663306 424.24242424242425 70
1783425663308 430.3030303030303 71
1783425663310 436.3636363636364 72
1783425663312 442.42424242424244 73
1783425663314 448.4848484848485 74
1783425663316 454.54545454545456 75
1783425663317 460.6060606060606 76
1783425663320 466.6666666666667 77
1783425663322 472.72727272727275 78
1783425663325 478.7878787878788 79
1783425663326 484.8484848484849 80
1783425663328 490.9090909090909 81
1783425663331 496.96969696969694 82
1783425663333 503.030303030303 83
1783425663335 509.09090909090907 84
1783425663336 515.1515151515151 85
1783425663338 521.2121212121212 86
1783425663339 527.2727272727273 87
1783425663341 533.3333333333334 88
1783425663343 539.3939393939394 89
1783425663344 545.4545454545455 90
1783425663347 551.5151515151515 91
1783425663349 557.5757575757576 92
1783425663350 563.6363636363636 93
1783425663351 569.6969696969697 94
1783425663353 575.7575757575758 95
1783425663356 581.8181818181818 96
1783425663356 587.8787878787879 97
1783425663362 593.9393939393939 98
1783425663363 600.0 99
