1783425662961 0.0 0
1783425662964 -0.0007626515125749897 1
1783425662966 -0.003040299948778675 2
1783425662967 -0.006817486156329138 3
1783425662968 -0.012078750982944458 4
1783425662970 -0.018808635276342703 5
1783425662971 -0.02699167988424192 6
1783425662973 -0.036612425654360216 7
1783425662975 -0.04765541343441565 8
1783425662976 -0.060105184072126276 9
1783425662978 -0.07394627841521018 10
1783425662982 -0.08916323731138547 11
1783425662984 -0.10574060160837014 12
1783425662985 -0.12366291215388237 13
1783425662986 -0.1429147097956402 14
1783425662988 -0.16348053538136165 15
1783425662989 -0.18534492975876488 16
1783425662990 -0.2084924337755679 17
1783425662991 -0.23290758827948888 18
1783425662995 -0.25857493411824567 19
1783425662998 -0.2854790121395567 20
1783425662999 -0.3136043631911397 21
1783425663000 -0.34293552812071304 22
1783425663001 -0.37345704777599464 23
1783425663003 -0.40515346300470245 24
1783425663005 -0.4380093146545547 25
1783425663006 -0.47200914357326956 26
1783425663008 -0.507137490608565 27
1783425663010 -0.543378896608159 28
1783425663012 -0.5807179024197697 29
1783425663015 -0.6191390488911153 30
1783425663016 -0.6586268768699137 31
1783425663018 -0.699165927203883 32
1783425663019 -0.7407407407407414 33
1783425663020 -0.7833358583282068 34
1783425663022 -0.8269358208139972 35
1783425663023 -0.8715251690458312 36
1783425663025 -0.9170884438714262 37
1783425663026 -0.9636101861385005 38
1783425663028 -1.0110749366947727 39
1783425663033 -1.0594672363879598 40
1783425663033 -1.1087716260657807 41
1783425663038 -1.1589726465759536 42
1783425663038 -1.210054838766196 43
1783425663046 -1.2620027434842265 44
1783425663048 -1.3148009015777626 45
1783425663050 -1.3684338538945229 46
1783425663052 -1.4228861412822247 47
1783425663053 -1.4781423045885866 48
1783425663056 -1.5341868846613274 49
1783425663061 -1.5910044223481639 50
1783425663064 -1.648579458496815 51
1783425663066 -1.7068965339549984 52
1783425663067 -1.7659401895704325 53
1783425663069 -1.825694966190835 54
1783425663071 -1.886145404663924 55
1783425663072 -1.947276045837418 56
1783425663073 -2.0090714305590347 57
1783425663076 -2.0715160996764923 58
1783425663079 -2.134594594037509 59
1783425663081 -2.1982914544898025 60
1783425663082 -2.2625912218810904 61
1783425663084 -2.327478437059093 62
1783425663087 -2.3929376408715246 63
1783425663089 -2.458953374166108 64
1783425663091 -2.5255101777905566 65
1783425663093 -2.5925925925925926 66
1783425663096 -2.660185159419931 67
1783425663098 -2.7282724191202923 68
1783425663099 -2.796838912541391 69
1783425663101 -2.865869180530949 70
1783425663102 -2.9353477639366825 71
1783425663103 -3.00525920360631 72
1783425663105 -3.075588040387549 73
1783425663107 -3.1463188151281196 74
1783425663111 -3.217436068675736 75
1783425663115 -3.288924341878121 76
1783425663118 -3.3607681755829875 77
1783425663121 -3.432952110638059 78
1783425663124 -3.505460687891049 79
1783425663126 -3.5782784481896797 80
1783425663127 -3.651389932381665 81
1783425663130 -3.724779681314725 82
1783425663131 -3.7984322358365796 83
1783425663133 -3.872332136794942 84
1783425663134 -3.946463925037537 85
1783425663135 -4.020812141412077 86
1783425663137 -4.095361326766281 87
1783425663139 -4.17009602194787 88
1783425663140 -4.245000767804558 89
1783425663141 -4.3200601051840675 90
1783425663143 -4.395258574934114 91
1783425663146 -4.470580717902416 92
1783425663149 -4.54601107493669 93
1783425663152 -4.621534186884658 94
1783425663153 -4.697134594594032 95
1783425663156 -4.7727968389125355 96
1783425663156 -4.848505460687887 97
1783425663156 -4.9242450007678 98
1783425663163 -4.9999999999999964 99
