1783430737610 0.0 0
1783430737612 6.0606060606060606 1
1783430737614 12.121212121212121 2
1783430737616 18.18181818181818 3
1783430737619 24.242424242424242 4
1783430737620 30.303030303030305 5
1783430737623 36.36363636363636 6
1783430737626 42.42424242424242 7
1783430737628 48.484848484848484 8
1783430737630 54.54545454545455 9
1783430737632 60.60606060606061 10
1783430737634 66.66666666666667 11
1783430737637 72.72727272727272 12
1783430737640 78.78787878787878 13
1783430737642 84.84848484848484 14
1783430737644 90.9090909090909 15
1783430737645 96.96969696969697 16
1783430737648 103.03030303030303 17
1783430737651 109.0909090909091 18
1783430737653 115.15151515151516 19
1783430737656 121.21212121212122 20
1783430737659 127.27272727272727 21
1783430737661 133.33333333333334 22
1783430737663 139.3939393939394 23
1783430737665 145.45454545454544 24
1783430737667 151.5151515151515 25
1783430737669 157.57575757575756 26
1783430737672 163.63636363636363 27
1783430737673 169.6969696969697 28
1783430737675 175.75757575757575 29
1783430737677 181.8181818181818 30
1783430737679 187.87878787878788 31
1783430737681 193.93939393939394 32
1783430737683 200.0 33
1783430737686 206.06060606060606 34
1783430737688 212.12121212121212 35
1783430737690 218.1818181818182 36
1783430737692 224.24242424242425 37
1783430737694 230.3030303030303 38
1783430737696 236.36363636363637 39
1783430737698 242.42424242424244 40
1783430737700 248.48484848484847 41
1783430737702 254.54545454545453 42
1783430737704 260.6060606060606 43
1783430737706 266.6666666666667 44
1783430737708 272.72727272727275 45
1783430737711 278.7878787878788 46
1783430737712 284.8484848484849 47
1783430737714 290.9090909090909 48
1783430737716 296.96969696969694 49
1783430737718 303.030303030303 50
1783430737719 309.09090909090907 51
1783430737721 315.1515151515151 52
1783430737724 321.2121212121212 53
1783430737726 327.27272727272725 54
1783430737728 333.3333333333333 55
1783430737730 339.3939393939394 56
1783430737732 345.45454545454544 57
1783430737734 351.5151515151515 58
1783430737737 357.57575757575756 59
1783430737740 363.6363636363636 60
1783430737742 369.6969696969697 61
1783430737744 375.75757575757575 62
1783430737746 381.8181818181818 63
1783430737750 387.8787878787879 64
1783430737750 393.93939393939394 65
1783430737753 400.0 66
1783430737756 406.06060606060606 67
1783430737758 412.1212121212121 68
1783430737760 418.1818181818182 69
1783430737762 424.24242424242425 70
1783430737764 430.3030303030303 71
1783430737766 436.3636363636364 72
1783430737767 442.42424242424244 73
1783430737768 448.4848484848485 74
1783430737770 454.54545454545456 75
1783430737772 460.6060606060606 76
1783430737774 466.6666666666667 77
1783430737777 472.72727272727275 78
1783430737780 478.7878787878788 79
1783430737783 484.8484848484849 80
1783430737785 490.9090909090909 81
1783430737787 496.96969696969694 82
1783430737790 503.030303030303 83
1783430737792 509.09090909090907 84
1783430737794 515.1515151515151 85
1783430737796 521.2121212121212 86
1783430737798 527.2727272727273 87
1783430737800 533.3333333333334 88
1783430737802 539.3939393939394 89
1783430737805 545.4545454545455 90
1783430737807 551.5151515151515 91
1783430737809 557.5757575757576 92
1783430737812 563.6363636363636 93
1783430737814 569.6969696969697 94
1783430737816 575.7575757575758 95
1783430737818 581.8181818181818 96
1783430737821 587.8787878787879 97
1783430737822 593.9393939393939 98
1783430737824 600.0 99
