1783430737391 0.0 0
1783430737395 -0.0007626515125749892 1
1783430737397 -0.0030402999487786743 2
1783430737399 -0.006817486156329138 3
1783430737401 -0.01207875098294446 4
1783430737403 -0.01880863527634271 5
1783430737405 -0.02699167988424193 6
1783430737408 -0.03661242565436023 7
1783430737410 -0.04765541343441567 8
1783430737412 -0.06010518407212631 9
1783430737414 -0.07394627841521022 10
1783430737417 -0.08916323731138552 11
1783430737419 -0.10574060160837022 12
1783430737422 -0.12366291215388246 13
1783430737423 -0.1429147097956403 14
1783430737425 -0.16348053538136176 15
1783430737427 -0.185344929758765 16
1783430737429 -0.2084924337755681 17
1783430737431 -0.23290758827948904 18
1783430737433 -0.2585749341182458 19
1783430737436 -0.28547901213955673 20
1783430737439 -0.3136043631911397 21
1783430737441 -0.3429355281207131 22
1783430737443 -0.37345704777599464 23
1783430737444 -0.40515346300470234 24
1783430737447 -0.4380093146545546 25
1783430737449 -0.4720091435732694 26
1783430737452 -0.5071374906085647 27
1783430737454 -0.5433788966081587 28
1783430737456 -0.5807179024197693 29
1783430737458 -0.6191390488911148 30
1783430737461 -0.6586268768699132 31
1783430737463 -0.6991659272038824 32
1783430737465 -0.7407407407407406 33
1783430737467 -0.783335858328206 34
1783430737469 -0.8269358208139965 35
1783430737472 -0.8715251690458302 36
1783430737474 -0.9170884438714253 37
1783430737477 -0.9636101861384998 38
1783430737479 -1.0110749366947716 39
1783430737480 -1.059467236387959 40
1783430737482 -1.1087716260657798 41
1783430737483 -1.1589726465759524 42
1783430737487 -1.2100548387661951 43
1783430737489 -1.2620027434842254 44
1783430737491 -1.3148009015777615 45
1783430737493 -1.3684338538945215 46
1783430737495 -1.4228861412822236 47
1783430737497 -1.4781423045885853 48
1783430737499 -1.534186884661326 49
1783430737501 -1.5910044223481628 50
1783430737503 -1.648579458496814 51
1783430737505 -1.7068965339549973 52
1783430737507 -1.7659401895704314 53
1783430737509 -1.8256949661908342 54
1783430737511 -1.8861454046639232 55
1783430737514 -1.9472760458374172 56
1783430737516 -2.0090714305590343 57
1783430737518 -2.071516099676492 58
1783430737520 -2.1345945940375084 59
1783430737523 -2.1982914544898025 60
1783430737525 -2.2625912218810904 61
1783430737527 -2.327478437059093 62
1783430737530 -2.392937640871525 63
1783430737533 -2.458953374166109 64
1783430737536 -2.525510177790558 65
1783430737539 -2.592592592592593 66
1783430737541 -2.660185159419932 67
1783430737544 -2.728272419120293 68
1783430737546 -2.796838912541393 69
1783430737548 -2.8658691805309506 70
1783430737549 -2.9353477639366843 71
1783430737551 -3.005259203606312 72
1783430737553 -3.0755880403875513 73
1783430737555 -3.146318815128122 74
1783430737558 -3.2174360686757386 75
1783430737560 -3.2889243418781233 76
1783430737561 -3.3607681755829906 77
1783430737563 -3.432952110638063 78
1783430737566 -3.5054606878910533 79
1783430737568 -3.5782784481896828 80
1783430737570 -3.6513899323816688 81
1783430737572 -3.724779681314729 82
1783430737574 -3.798432235836583 83
1783430737576 -3.872332136794947 84
1783430737578 -3.946463925037542 85
1783430737580 -4.020812141412082 86
1783430737582 -4.0953613267662865 87
1783430737584 -4.170096021947876 88
1783430737587 -4.245000767804566 89
1783430737589 -4.320060105184075 90
1783430737591 -4.39525857493412 91
1783430737592 -4.470580717902423 92
1783430737595 -4.546011074936697 93
1783430737598 -4.621534186884664 94
1783430737600 -4.69713459459404 95
1783430737602 -4.772796838912543 96
1783430737604 -4.8485054606878935 97
1783430737606 -4.924245000767805 98
1783430737608 -5.000000000000003 99
