1788468886024 0.0 0
1788468886024 6.0606060606060606 1
1788468886031 12.121212121212121 2
1788468886031 18.18181818181818 3
1788468886031 24.242424242424242 4
1788468886031 30.303030303030305 5
1788468886044 36.36363636363636 6
1788468886044 42.42424242424242 7
1788468886047 48.484848484848484 8
1788468886052 54.54545454545455 9
1788468886053 60.60606060606061 10
1788468886053 66.66666666666667 11
1788468886060 72.72727272727272 12
1788468886084 78.78787878787878 13
1788468886084 84.84848484848484 14
1788468886084 90.9090909090909 15
1788468886094 96.96969696969697 16
1788468886094 103.03030303030303 17
1788468886094 109.0909090909091 18
1788468886112 115.15151515151516 19
1788468886113 121.21212121212122 20
1788468886113 127.27272727272727 21
1788468886113 133.33333333333334 22
1788468886113 139.3939393939394 23
1788468886125 145.45454545454544 24
1788468886126 151.5151515151515 25
1788468886126 157.57575757575756 26
1788468886126 163.63636363636363 27
1788468886126 169.6969696969697 28
1788468886126 175.75757575757575 29
1788468886141 181.8181818181818 30
1788468886146 187.87878787878788 31
1788468886150 193.93939393939394 32
1788468886157 200.0 33
1788468886161 206.06060606060606 34
1788468886163 212.12121212121212 35
1788468886167 218.1818181818182 36
1788468886169 224.24242424242425 37
1788468886171 230.3030303030303 38
1788468886175 236.36363636363637 39
1788468886179 242.42424242424244 40
1788468886181 248.48484848484847 41
1788468886181 254.54545454545453 42
1788468886189 260.6060606060606 43
1788468886189 266.6666666666667 44
1788468886195 272.72727272727275 45
1788468886202 278.7878787878788 46
1788468886202 284.8484848484849 47
1788468886208 290.9090909090909 48
1788468886208 296.96969696969694 49
1788468886208 303.030303030303 50
1788468886221 309.09090909090907 51
1788468886226 315.1515151515151 52
1788468886232 321.2121212121212 53
1788468886237 327.27272727272725 54
1788468886242 333.3333333333333 55
1788468886245 339.3939393939394 56
1788468886248 345.45454545454544 57
1788468886250 351.5151515151515 58
1788468886255 357.57575757575756 59
1788468886258 363.6363636363636 60
1788468886267 369.6969696969697 61
1788468886270 375.75757575757575 62
1788468886274 381.8181818181818 63
1788468886278 387.8787878787879 64
1788468886283 393.93939393939394 65
1788468886285 400.0 66
1788468886290 406.06060606060606 67
1788468886295 412.1212121212121 68
1788468886297 418.1818181818182 69
1788468886302 424.24242424242425 70
1788468886304 430.3030303030303 71
1788468886310 436.3636363636364 72
1788468886314 442.42424242424244 73
1788468886318 448.4848484848485 74
1788468886322 454.54545454545456 75
1788468886327 460.6060606060606 76
1788468886330 466.6666666666667 77
1788468886332 472.72727272727275 78
1788468886337 478.7878787878788 79
1788468886337 484.8484848484849 80
1788468886337 490.9090909090909 81
1788468886348 496.96969696969694 82
1788468886354 503.030303030303 83
1788468886356 509.09090909090907 84
1788468886360 515.1515151515151 85
1788468886366 521.2121212121212 86
1788468886369 527.2727272727273 87
1788468886370 533.3333333333334 88
1788468886370 539.3939393939394 89
1788468886379 545.4545454545455 90
1788468886384 551.5151515151515 91
1788468886389 557.5757575757576 92
1788468886391 563.6363636363636 93
1788468886397 569.6969696969697 94
1788468886402 575.7575757575758 95
1788468886406 581.8181818181818 96
1788468886410 587.8787878787879 97
1788468886411 593.9393939393939 98
1788468886418 600.0 99
