1788468885699 0.0 0
1788468885707 -0.0007626515125749897 1
1788468885707 -0.003040299948778675 2
1788468885707 -0.006817486156329138 3
1788468885715 -0.012078750982944458 4
1788468885715 -0.018808635276342703 5
1788468885721 -0.02699167988424192 6
1788468885721 -0.036612425654360216 7
1788468885724 -0.04765541343441565 8
1788468885724 -0.060105184072126276 9
1788468885731 -0.07394627841521018 10
1788468885731 -0.08916323731138547 11
1788468885731 -0.10574060160837014 12
1788468885731 -0.12366291215388237 13
1788468885741 -0.1429147097956402 14
1788468885745 -0.16348053538136165 15
1788468885749 -0.18534492975876488 16
1788468885750 -0.2084924337755679 17
1788468885750 -0.23290758827948888 18
1788468885758 -0.25857493411824567 19
1788468885762 -0.2854790121395567 20
1788468885764 -0.3136043631911397 21
1788468885768 -0.34293552812071304 22
1788468885771 -0.37345704777599464 23
1788468885773 -0.40515346300470245 24
1788468885775 -0.4380093146545547 25
1788468885780 -0.47200914357326956 26
1788468885784 -0.507137490608565 27
1788468885786 -0.543378896608159 28
1788468885791 -0.5807179024197697 29
1788468885794 -0.6191390488911153 30
1788468885798 -0.6586268768699137 31
1788468885804 -0.699165927203883 32
1788468885807 -0.7407407407407414 33
1788468885810 -0.7833358583282068 34
1788468885810 -0.8269358208139972 35
1788468885822 -0.8715251690458312 36
1788468885825 -0.9170884438714262 37
1788468885828 -0.9636101861385005 38
1788468885830 -1.0110749366947727 39
1788468885834 -1.0594672363879598 40
1788468885838 -1.1087716260657807 41
1788468885841 -1.1589726465759536 42
1788468885846 -1.210054838766196 43
1788468885848 -1.2620027434842265 44
1788468885852 -1.3148009015777626 45
1788468885856 -1.3684338538945229 46
1788468885860 -1.4228861412822247 47
1788468885860 -1.4781423045885866 48
1788468885860 -1.5341868846613274 49
1788468885873 -1.5910044223481639 50
1788468885873 -1.648579458496815 51
1788468885873 -1.7068965339549984 52
1788468885873 -1.7659401895704325 53
1788468885873 -1.825694966190835 54
1788468885873 -1.886145404663924 55
1788468885892 -1.947276045837418 56
1788468885892 -2.0090714305590347 57
1788468885892 -2.0715160996764923 58
1788468885892 -2.134594594037509 59
1788468885892 -2.1982914544898025 60
1788468885907 -2.2625912218810904 61
1788468885907 -2.327478437059093 62
1788468885915 -2.3929376408715246 63
1788468885918 -2.458953374166108 64
1788468885920 -2.5255101777905566 65
1788468885925 -2.5925925925925926 66
1788468885927 -2.660185159419931 67
1788468885931 -2.7282724191202923 68
1788468885933 -2.796838912541391 69
1788468885935 -2.865869180530949 70
1788468885938 -2.9353477639366825 71
1788468885940 -3.00525920360631 72
1788468885945 -3.075588040387549 73
1788468885949 -3.1463188151281196 74
1788468885952 -3.217436068675736 75
1788468885955 -3.288924341878121 76
1788468885959 -3.3607681755829875 77
1788468885961 -3.432952110638059 78
1788468885963 -3.505460687891049 79
1788468885967 -3.5782784481896797 80
1788468885974 -3.651389932381665 81
1788468885974 -3.724779681314725 82
1788468885974 -3.7984322358365796 83
1788468885974 -3.872332136794942 84
1788468885984 -3.946463925037537 85
1788468885984 -4.020812141412077 86
1788468885984 -4.095361326766281 87
1788468885984 -4.17009602194787 88
1788468885993 -4.245000767804558 89
1788468885993 -4.3200601051840675 90
1788468886001 -4.395258574934114 91
1788468886001 -4.470580717902416 92
1788468886001 -4.54601107493669 93
1788468886008 -4.621534186884658 94
1788468886012 -4.697134594594032 95
1788468886015 -4.7727968389125355 96
1788468886015 -4.848505460687887 97
1788468886015 -4.9242450007678 98
1788468886024 -4.9999999999999964 99
