1785343838703 0.0 0
1785343838706 6.0606060606060606 1
1785343838710 12.121212121212121 2
1785343838714 18.18181818181818 3
1785343838717 24.242424242424242 4
1785343838722 30.303030303030305 5
1785343838725 36.36363636363636 6
1785343838728 42.42424242424242 7
1785343838731 48.484848484848484 8
1785343838735 54.54545454545455 9
1785343838742 60.60606060606061 10
1785343838745 66.66666666666667 11
1785343838748 72.72727272727272 12
1785343838752 78.78787878787878 13
1785343838755 84.84848484848484 14
1785343838758 90.9090909090909 15
1785343838761 96.96969696969697 16
1785343838765 103.03030303030303 17
1785343838768 109.0909090909091 18
1785343838772 115.15151515151516 19
1785343838775 121.21212121212122 20
1785343838778 127.27272727272727 21
1785343838782 133.33333333333334 22
1785343838785 139.3939393939394 23
1785343838788 145.45454545454544 24
1785343838792 151.5151515151515 25
1785343838795 157.57575757575756 26
1785343838798 163.63636363636363 27
1785343838802 169.6969696969697 28
1785343838805 175.75757575757575 29
1785343838809 181.8181818181818 30
1785343838812 187.87878787878788 31
1785343838816 193.93939393939394 32
1785343838820 200.0 33
1785343838823 206.06060606060606 34
1785343838826 212.12121212121212 35
1785343838829 218.1818181818182 36
1785343838832 224.24242424242425 37
1785343838836 230.3030303030303 38
1785343838840 236.36363636363637 39
1785343838844 242.42424242424244 40
1785343838847 248.48484848484847 41
1785343838851 254.54545454545453 42
1785343838854 260.6060606060606 43
1785343838857 266.6666666666667 44
1785343838860 272.72727272727275 45
1785343838863 278.7878787878788 46
1785343838866 284.8484848484849 47
1785343838871 290.9090909090909 48
1785343838874 296.96969696969694 49
1785343838877 303.030303030303 50
1785343838880 309.09090909090907 51
1785343838883 315.1515151515151 52
1785343838886 321.2121212121212 53
1785343838890 327.27272727272725 54
1785343838893 333.3333333333333 55
1785343838896 339.3939393939394 56
1785343838900 345.45454545454544 57
1785343838904 351.5151515151515 58
1785343838908 357.57575757575756 59
1785343838911 363.6363636363636 60
1785343838914 369.6969696969697 61
1785343838917 375.75757575757575 62
1785343838920 381.8181818181818 63
1785343838924 387.8787878787879 64
1785343838928 393.93939393939394 65
1785343838932 400.0 66
1785343838936 406.06060606060606 67
1785343838939 412.1212121212121 68
1785343838943 418.1818181818182 69
1785343838947 424.24242424242425 70
1785343838951 430.3030303030303 71
1785343838954 436.3636363636364 72
1785343838958 442.42424242424244 73
1785343838961 448.4848484848485 74
1785343838965 454.54545454545456 75
1785343838970 460.6060606060606 76
1785343838973 466.6666666666667 77
1785343838976 472.72727272727275 78
1785343838979 478.7878787878788 79
1785343838983 484.8484848484849 80
1785343838986 490.9090909090909 81
1785343838989 496.96969696969694 82
1785343838992 503.030303030303 83
1785343838995 509.09090909090907 84
1785343838998 515.1515151515151 85
1785343839001 521.2121212121212 86
1785343839004 527.2727272727273 87
1785343839007 533.3333333333334 88
1785343839012 539.3939393939394 89
1785343839016 545.4545454545455 90
1785343839019 551.5151515151515 91
1785343839022 557.5757575757576 92
1785343839024 563.6363636363636 93
1785343839026 569.6969696969697 94
1785343839028 575.7575757575758 95
1785343839030 581.8181818181818 96
1785343839032 587.8787878787879 97
1785343839034 593.9393939393939 98
1785343839036 600.0 99
