1785343838413 0.0 0
1785343838416 -0.0007626515125749894 1
1785343838419 -0.0030402999487786735 2
1785343838421 -0.0068174861563291365 3
1785343838423 -0.01207875098294446 4
1785343838425 -0.018808635276342703 5
1785343838427 -0.026991679884241934 6
1785343838429 -0.03661242565436024 7
1785343838432 -0.04765541343441568 8
1785343838435 -0.06010518407212633 9
1785343838436 -0.07394627841521026 10
1785343838440 -0.08916323731138556 11
1785343838443 -0.10574060160837027 12
1785343838446 -0.12366291215388252 13
1785343838447 -0.14291470979564042 14
1785343838450 -0.16348053538136192 15
1785343838454 -0.1853449297587652 16
1785343838460 -0.2084924337755684 17
1785343838462 -0.2329075882794894 18
1785343838466 -0.25857493411824567 19
1785343838469 -0.2854790121395566 20
1785343838472 -0.31360436319113966 21
1785343838475 -0.342935528120713 22
1785343838477 -0.37345704777599453 23
1785343838480 -0.40515346300470223 24
1785343838483 -0.4380093146545545 25
1785343838485 -0.4720091435732693 26
1785343838489 -0.5071374906085646 27
1785343838492 -0.5433788966081585 28
1785343838494 -0.5807179024197692 29
1785343838497 -0.6191390488911146 30
1785343838500 -0.6586268768699131 31
1785343838502 -0.6991659272038822 32
1785343838505 -0.7407407407407405 33
1785343838508 -0.7833358583282057 34
1785343838510 -0.8269358208139963 35
1785343838512 -0.8715251690458299 36
1785343838515 -0.9170884438714251 37
1785343838518 -0.9636101861384994 38
1785343838521 -1.011074936694771 39
1785343838523 -1.0594672363879587 40
1785343838525 -1.1087716260657796 41
1785343838527 -1.158972646575952 42
1785343838529 -1.2100548387661947 43
1785343838532 -1.2620027434842251 44
1785343838534 -1.3148009015777613 45
1785343838537 -1.3684338538945213 46
1785343838540 -1.4228861412822233 47
1785343838542 -1.478142304588585 48
1785343838545 -1.5341868846613258 49
1785343838547 -1.5910044223481623 50
1785343838551 -1.6485794584968136 51
1785343838554 -1.706896533954997 52
1785343838556 -1.7659401895704312 53
1785343838558 -1.825694966190834 54
1785343838560 -1.8861454046639228 55
1785343838562 -1.9472760458374172 56
1785343838564 -2.009071430559034 57
1785343838567 -2.0715160996764914 58
1785343838570 -2.1345945940375084 59
1785343838572 -2.198291454489802 60
1785343838574 -2.26259122188109 61
1785343838576 -2.3274784370590926 62
1785343838578 -2.3929376408715246 63
1785343838580 -2.458953374166108 64
1785343838584 -2.5255101777905575 65
1785343838586 -2.592592592592593 66
1785343838588 -2.6601851594199317 67
1785343838590 -2.728272419120293 68
1785343838592 -2.7968389125413924 69
1785343838596 -2.865869180530951 70
1785343838600 -2.935347763936684 71
1785343838604 -3.0052592036063115 72
1785343838608 -3.0755880403875513 73
1785343838611 -3.146318815128122 74
1785343838615 -3.2174360686757386 75
1785343838618 -3.2889243418781238 76
1785343838622 -3.360768175582991 77
1785343838626 -3.432952110638063 78
1785343838630 -3.5054606878910537 79
1785343838634 -3.5782784481896845 80
1785343838637 -3.651389932381669 81
1785343838641 -3.72477968131473 82
1785343838644 -3.7984322358365845 83
1785343838646 -3.8723321367949484 84
1785343838650 -3.9464639250375426 85
1785343838653 -4.020812141412083 86
1785343838657 -4.095361326766288 87
1785343838661 -4.170096021947878 88
1785343838665 -4.245000767804566 89
1785343838668 -4.320060105184077 90
1785343838671 -4.395258574934122 91
1785343838675 -4.470580717902425 92
1785343838678 -4.546011074936699 93
1785343838682 -4.621534186884666 94
1785343838685 -4.697134594594043 95
1785343838688 -4.772796838912546 96
1785343838692 -4.848505460687897 97
1785343838695 -4.924245000767809 98
1785343838699 -5.000000000000006 99
