1785343839858 0.0 0
1785343839861 6.0606060606060606 1
1785343839867 12.121212121212121 2
1785343839870 18.18181818181818 3
1785343839873 24.242424242424242 4
1785343839876 30.303030303030305 5
1785343839878 36.36363636363636 6
1785343839885 42.42424242424242 7
1785343839889 48.484848484848484 8
1785343839892 54.54545454545455 9
1785343839895 60.60606060606061 10
1785343839899 66.66666666666667 11
1785343839902 72.72727272727272 12
1785343839905 78.78787878787878 13
1785343839908 84.84848484848484 14
1785343839911 90.9090909090909 15
1785343839913 96.96969696969697 16
1785343839916 103.03030303030303 17
1785343839920 109.0909090909091 18
1785343839922 115.15151515151516 19
1785343839925 121.21212121212122 20
1785343839927 127.27272727272727 21
1785343839929 133.33333333333334 22
1785343839931 139.3939393939394 23
1785343839934 145.45454545454544 24
1785343839936 151.5151515151515 25
1785343839938 157.57575757575756 26
1785343839940 163.63636363636363 27
1785343839943 169.6969696969697 28
1785343839945 175.75757575757575 29
1785343839947 181.8181818181818 30
1785343839949 187.87878787878788 31
1785343839950 193.93939393939394 32
1785343839952 200.0 33
1785343839953 206.06060606060606 34
1785343839955 212.12121212121212 35
1785343839956 218.1818181818182 36
1785343839959 224.24242424242425 37
1785343839961 230.3030303030303 38
1785343839964 236.36363636363637 39
1785343839966 242.42424242424244 40
1785343839968 248.48484848484847 41
1785343839970 254.54545454545453 42
1785343839971 260.6060606060606 43
1785343839973 266.6666666666667 44
1785343839975 272.72727272727275 45
1785343839977 278.7878787878788 46
1785343839980 284.8484848484849 47
1785343839983 290.9090909090909 48
1785343839986 296.96969696969694 49
1785343839989 303.030303030303 50
1785343839990 309.09090909090907 51
1785343839992 315.1515151515151 52
1785343839993 321.2121212121212 53
1785343839995 327.27272727272725 54
1785343839997 333.3333333333333 55
1785343839998 339.3939393939394 56
1785343840000 345.45454545454544 57
1785343840004 351.5151515151515 58
1785343840006 357.57575757575756 59
1785343840007 363.6363636363636 60
1785343840009 369.6969696969697 61
1785343840011 375.75757575757575 62
1785343840013 381.8181818181818 63
1785343840015 387.8787878787879 64
1785343840017 393.93939393939394 65
1785343840018 400.0 66
1785343840022 406.06060606060606 67
1785343840025 412.1212121212121 68
1785343840028 418.1818181818182 69
1785343840030 424.24242424242425 70
1785343840033 430.3030303030303 71
1785343840036 436.3636363636364 72
1785343840040 442.42424242424244 73
1785343840043 448.4848484848485 74
1785343840046 454.54545454545456 75
1785343840051 460.6060606060606 76
1785343840055 466.6666666666667 77
1785343840058 472.72727272727275 78
1785343840061 478.7878787878788 79
1785343840064 484.8484848484849 80
1785343840067 490.9090909090909 81
1785343840070 496.96969696969694 82
1785343840073 503.030303030303 83
1785343840076 509.09090909090907 84
1785343840078 515.1515151515151 85
1785343840082 521.2121212121212 86
1785343840084 527.2727272727273 87
1785343840087 533.3333333333334 88
1785343840090 539.3939393939394 89
1785343840094 545.4545454545455 90
1785343840097 551.5151515151515 91
1785343840100 557.5757575757576 92
1785343840103 563.6363636363636 93
1785343840106 569.6969696969697 94
1785343840109 575.7575757575758 95
1785343840111 581.8181818181818 96
1785343840114 587.8787878787879 97
1785343840119 593.9393939393939 98
1785343840123 600.0 99
