1785343839632 0.0 0
1785343839633 -0.0007626515125749897 1
1785343839635 -0.003040299948778675 2
1785343839636 -0.006817486156329138 3
1785343839638 -0.012078750982944458 4
1785343839639 -0.018808635276342703 5
1785343839641 -0.02699167988424192 6
1785343839643 -0.036612425654360216 7
1785343839644 -0.04765541343441565 8
1785343839646 -0.060105184072126276 9
1785343839648 -0.07394627841521018 10
1785343839651 -0.08916323731138547 11
1785343839653 -0.10574060160837014 12
1785343839656 -0.12366291215388237 13
1785343839659 -0.1429147097956402 14
1785343839661 -0.16348053538136165 15
1785343839665 -0.18534492975876488 16
1785343839667 -0.2084924337755679 17
1785343839670 -0.23290758827948888 18
1785343839672 -0.25857493411824567 19
1785343839676 -0.2854790121395567 20
1785343839678 -0.3136043631911397 21
1785343839681 -0.34293552812071304 22
1785343839684 -0.37345704777599464 23
1785343839687 -0.40515346300470245 24
1785343839690 -0.4380093146545547 25
1785343839693 -0.47200914357326956 26
1785343839695 -0.507137490608565 27
1785343839697 -0.543378896608159 28
1785343839699 -0.5807179024197697 29
1785343839701 -0.6191390488911153 30
1785343839705 -0.6586268768699137 31
1785343839707 -0.699165927203883 32
1785343839709 -0.7407407407407414 33
1785343839712 -0.7833358583282068 34
1785343839714 -0.8269358208139972 35
1785343839717 -0.8715251690458312 36
1785343839719 -0.9170884438714262 37
1785343839722 -0.9636101861385005 38
1785343839724 -1.0110749366947727 39
1785343839726 -1.0594672363879598 40
1785343839728 -1.1087716260657807 41
1785343839731 -1.1589726465759536 42
1785343839733 -1.210054838766196 43
1785343839735 -1.2620027434842265 44
1785343839737 -1.3148009015777626 45
1785343839739 -1.3684338538945229 46
1785343839741 -1.4228861412822247 47
1785343839744 -1.4781423045885866 48
1785343839748 -1.5341868846613274 49
1785343839750 -1.5910044223481639 50
1785343839753 -1.648579458496815 51
1785343839755 -1.7068965339549984 52
1785343839756 -1.7659401895704325 53
1785343839758 -1.825694966190835 54
1785343839759 -1.886145404663924 55
1785343839761 -1.947276045837418 56
1785343839763 -2.0090714305590347 57
1785343839764 -2.0715160996764923 58
1785343839766 -2.134594594037509 59
1785343839768 -2.1982914544898025 60
1785343839771 -2.2625912218810904 61
1785343839774 -2.327478437059093 62
1785343839776 -2.3929376408715246 63
1785343839777 -2.458953374166108 64
1785343839779 -2.5255101777905566 65
1785343839781 -2.5925925925925926 66
1785343839783 -2.660185159419931 67
1785343839785 -2.7282724191202923 68
1785343839787 -2.796838912541391 69
1785343839789 -2.865869180530949 70
1785343839791 -2.9353477639366825 71
1785343839793 -3.00525920360631 72
1785343839796 -3.075588040387549 73
1785343839798 -3.1463188151281196 74
1785343839800 -3.217436068675736 75
1785343839802 -3.288924341878121 76
1785343839804 -3.3607681755829875 77
1785343839806 -3.432952110638059 78
1785343839808 -3.505460687891049 79
1785343839809 -3.5782784481896797 80
1785343839811 -3.651389932381665 81
1785343839812 -3.724779681314725 82
1785343839814 -3.7984322358365796 83
1785343839816 -3.872332136794942 84
1785343839818 -3.946463925037537 85
1785343839819 -4.020812141412077 86
1785343839821 -4.095361326766281 87
1785343839822 -4.17009602194787 88
1785343839823 -4.245000767804558 89
1785343839825 -4.3200601051840675 90
1785343839826 -4.395258574934114 91
1785343839829 -4.470580717902416 92
1785343839836 -4.54601107493669 93
1785343839841 -4.621534186884658 94
1785343839844 -4.697134594594032 95
1785343839848 -4.7727968389125355 96
1785343839851 -4.848505460687887 97
1785343839853 -4.9242450007678 98
1785343839856 -4.9999999999999964 99
