1783425661549 0.0 0
1783425661551 -0.0007626515125749894 1
1783425661553 -0.0030402999487786735 2
1783425661556 -0.0068174861563291365 3
1783425661558 -0.01207875098294446 4
1783425661561 -0.018808635276342703 5
1783425661566 -0.026991679884241934 6
1783425661570 -0.03661242565436024 7
1783425661572 -0.04765541343441568 8
1783425661574 -0.06010518407212633 9
1783425661578 -0.07394627841521026 10
1783425661580 -0.08916323731138556 11
1783425661582 -0.10574060160837027 12
1783425661583 -0.12366291215388252 13
1783425661589 -0.14291470979564042 14
1783425661593 -0.16348053538136192 15
1783425661594 -0.1853449297587652 16
1783425661596 -0.2084924337755684 17
1783425661599 -0.2329075882794894 18
1783425661600 -0.25857493411824567 19
1783425661602 -0.2854790121395566 20
1783425661606 -0.31360436319113966 21
1783425661609 -0.342935528120713 22
1783425661613 -0.37345704777599453 23
1783425661617 -0.40515346300470223 24
1783425661619 -0.4380093146545545 25
1783425661623 -0.4720091435732693 26
1783425661626 -0.5071374906085646 27
1783425661630 -0.5433788966081585 28
1783425661632 -0.5807179024197692 29
1783425661635 -0.6191390488911146 30
1783425661638 -0.6586268768699131 31
1783425661639 -0.6991659272038822 32
1783425661643 -0.7407407407407405 33
1783425661648 -0.7833358583282057 34
1783425661652 -0.8269358208139963 35
1783425661654 -0.8715251690458299 36
1783425661654 -0.9170884438714251 37
1783425661654 -0.9636101861384994 38
1783425661663 -1.011074936694771 39
1783425661666 -1.0594672363879587 40
1783425661669 -1.1087716260657796 41
1783425661672 -1.158972646575952 42
1783425661675 -1.2100548387661947 43
1783425661679 -1.2620027434842251 44
1783425661683 -1.3148009015777613 45
1783425661687 -1.3684338538945213 46
1783425661690 -1.4228861412822233 47
1783425661693 -1.478142304588585 48
1783425661698 -1.5341868846613258 49
1783425661701 -1.5910044223481623 50
1783425661703 -1.6485794584968136 51
1783425661703 -1.706896533954997 52
1783425661710 -1.7659401895704312 53
1783425661714 -1.825694966190834 54
1783425661718 -1.8861454046639228 55
1783425661721 -1.9472760458374172 56
1783425661723 -2.009071430559034 57
1783425661726 -2.0715160996764914 58
1783425661729 -2.1345945940375084 59
1783425661733 -2.198291454489802 60
1783425661736 -2.26259122188109 61
1783425661739 -2.3274784370590926 62
1783425661742 -2.3929376408715246 63
1783425661745 -2.458953374166108 64
1783425661749 -2.5255101777905575 65
1783425661751 -2.592592592592593 66
1783425661754 -2.6601851594199317 67
1783425661754 -2.728272419120293 68
1783425661762 -2.7968389125413924 69
1783425661765 -2.865869180530951 70
1783425661769 -2.935347763936684 71
1783425661775 -3.0052592036063115 72
1783425661778 -3.0755880403875513 73
1783425661778 -3.146318815128122 74
1783425661783 -3.2174360686757386 75
1783425661783 -3.2889243418781238 76
1783425661795 -3.360768175582991 77
1783425661798 -3.432952110638063 78
1783425661800 -3.5054606878910537 79
1783425661804 -3.5782784481896845 80
1783425661807 -3.651389932381669 81
1783425661809 -3.72477968131473 82
1783425661811 -3.7984322358365845 83
1783425661814 -3.8723321367949484 84
1783425661818 -3.9464639250375426 85
1783425661821 -4.020812141412083 86
1783425661825 -4.095361326766288 87
1783425661828 -4.170096021947878 88
1783425661831 -4.245000767804566 89
1783425661833 -4.320060105184077 90
1783425661837 -4.395258574934122 91
1783425661839 -4.470580717902425 92
1783425661841 -4.546011074936699 93
1783425661843 -4.621534186884666 94
1783425661844 -4.697134594594043 95
1783425661848 -4.772796838912546 96
1783425661850 -4.848505460687897 97
1783425661853 -4.924245000767809 98
1783425661854 -5.000000000000006 99
