1783425661854 0.0 0
1783425661854 6.0606060606060606 1
1783425661866 12.121212121212121 2
1783425661868 18.18181818181818 3
1783425661870 24.242424242424242 4
1783425661872 30.303030303030305 5
1783425661874 36.36363636363636 6
1783425661876 42.42424242424242 7
1783425661879 48.484848484848484 8
1783425661884 54.54545454545455 9
1783425661886 60.60606060606061 10
1783425661888 66.66666666666667 11
1783425661890 72.72727272727272 12
1783425661892 78.78787878787878 13
1783425661894 84.84848484848484 14
1783425661897 90.9090909090909 15
1783425661900 96.96969696969697 16
1783425661903 103.03030303030303 17
1783425661906 109.0909090909091 18
1783425661909 115.15151515151516 19
1783425661912 121.21212121212122 20
1783425661916 127.27272727272727 21
1783425661920 133.33333333333334 22
1783425661923 139.3939393939394 23
1783425661926 145.45454545454544 24
1783425661929 151.5151515151515 25
1783425661932 157.57575757575756 26
1783425661935 163.63636363636363 27
1783425661938 169.6969696969697 28
1783425661941 175.75757575757575 29
1783425661944 181.8181818181818 30
1783425661946 187.87878787878788 31
1783425661949 193.93939393939394 32
1783425661951 200.0 33
1783425661953 206.06060606060606 34
1783425661956 212.12121212121212 35
1783425661958 218.1818181818182 36
1783425661960 224.24242424242425 37
1783425661962 230.3030303030303 38
1783425661963 236.36363636363637 39
1783425661967 242.42424242424244 40
1783425661969 248.48484848484847 41
1783425661970 254.54545454545453 42
1783425661973 260.6060606060606 43
1783425661978 266.6666666666667 44
1783425661982 272.72727272727275 45
1783425661985 278.7878787878788 46
1783425661987 284.8484848484849 47
1783425661990 290.9090909090909 48
1783425661991 296.96969696969694 49
1783425661992 303.030303030303 50
1783425661995 309.09090909090907 51
1783425661998 315.1515151515151 52
1783425662001 321.2121212121212 53
1783425662005 327.27272727272725 54
1783425662007 333.3333333333333 55
1783425662010 339.3939393939394 56
1783425662012 345.45454545454544 57
1783425662013 351.5151515151515 58
1783425662015 357.57575757575756 59
1783425662017 363.6363636363636 60
1783425662018 369.6969696969697 61
1783425662021 375.75757575757575 62
1783425662025 381.8181818181818 63
1783425662028 387.8787878787879 64
1783425662030 393.93939393939394 65
1783425662034 400.0 66
1783425662037 406.06060606060606 67
1783425662040 412.1212121212121 68
1783425662043 418.1818181818182 69
1783425662046 424.24242424242425 70
1783425662049 430.3030303030303 71
1783425662053 436.3636363636364 72
1783425662055 442.42424242424244 73
1783425662055 448.4848484848485 74
1783425662055 454.54545454545456 75
1783425662055 460.6060606060606 76
1783425662063 466.6666666666667 77
1783425662068 472.72727272727275 78
1783425662071 478.7878787878788 79
1783425662074 484.8484848484849 80
1783425662077 490.9090909090909 81
1783425662080 496.96969696969694 82
1783425662085 503.030303030303 83
1783425662087 509.09090909090907 84
1783425662090 515.1515151515151 85
1783425662092 521.2121212121212 86
1783425662094 527.2727272727273 87
1783425662097 533.3333333333334 88
1783425662100 539.3939393939394 89
1783425662102 545.4545454545455 90
1783425662104 551.5151515151515 91
1783425662106 557.5757575757576 92
1783425662108 563.6363636363636 93
1783425662110 569.6969696969697 94
1783425662113 575.7575757575758 95
1783425662117 581.8181818181818 96
1783425662120 587.8787878787879 97
1783425662122 593.9393939393939 98
1783425662125 600.0 99
