1788472355996 0.0 0
1788472355996 -0.0007626515125749897 1
1788472355996 -0.003040299948778675 2
1788472356004 -0.006817486156329138 3
1788472356004 -0.012078750982944458 4
1788472356004 -0.018808635276342703 5
1788472356004 -0.02699167988424192 6
1788472356013 -0.036612425654360216 7
1788472356013 -0.04765541343441565 8
1788472356013 -0.060105184072126276 9
1788472356013 -0.07394627841521018 10
1788472356020 -0.08916323731138547 11
1788472356020 -0.10574060160837014 12
1788472356026 -0.12366291215388237 13
1788472356029 -0.1429147097956402 14
1788472356030 -0.16348053538136165 15
1788472356030 -0.18534492975876488 16
1788472356030 -0.2084924337755679 17
1788472356030 -0.23290758827948888 18
1788472356039 -0.25857493411824567 19
1788472356039 -0.2854790121395567 20
1788472356043 -0.3136043631911397 21
1788472356045 -0.34293552812071304 22
1788472356047 -0.37345704777599464 23
1788472356049 -0.40515346300470245 24
1788472356050 -0.4380093146545547 25
1788472356055 -0.47200914357326956 26
1788472356057 -0.507137490608565 27
1788472356059 -0.543378896608159 28
1788472356061 -0.5807179024197697 29
1788472356061 -0.6191390488911153 30
1788472356061 -0.6586268768699137 31
1788472356061 -0.699165927203883 32
1788472356061 -0.7407407407407414 33
1788472356061 -0.7833358583282068 34
1788472356061 -0.8269358208139972 35
1788472356061 -0.8715251690458312 36
1788472356061 -0.9170884438714262 37
1788472356076 -0.9636101861385005 38
1788472356077 -1.0110749366947727 39
1788472356077 -1.0594672363879598 40
1788472356077 -1.1087716260657807 41
1788472356077 -1.1589726465759536 42
1788472356077 -1.210054838766196 43
1788472356089 -1.2620027434842265 44
1788472356089 -1.3148009015777626 45
1788472356092 -1.3684338538945229 46
1788472356092 -1.4228861412822247 47
1788472356092 -1.4781423045885866 48
1788472356099 -1.5341868846613274 49
1788472356101 -1.5910044223481639 50
1788472356101 -1.648579458496815 51
1788472356104 -1.7068965339549984 52
1788472356106 -1.7659401895704325 53
1788472356107 -1.825694966190835 54
1788472356109 -1.886145404663924 55
1788472356111 -1.947276045837418 56
1788472356111 -2.0090714305590347 57
1788472356115 -2.0715160996764923 58
1788472356117 -2.134594594037509 59
1788472356118 -2.1982914544898025 60
1788472356120 -2.2625912218810904 61
1788472356122 -2.327478437059093 62
1788472356124 -2.3929376408715246 63
1788472356126 -2.458953374166108 64
1788472356130 -2.5255101777905566 65
1788472356132 -2.5925925925925926 66
1788472356132 -2.660185159419931 67
1788472356132 -2.7282724191202923 68
1788472356132 -2.796838912541391 69
1788472356140 -2.865869180530949 70
1788472356140 -2.9353477639366825 71
1788472356140 -3.00525920360631 72
1788472356140 -3.075588040387549 73
1788472356140 -3.1463188151281196 74
1788472356140 -3.217436068675736 75
1788472356140 -3.288924341878121 76
1788472356155 -3.3607681755829875 77
1788472356157 -3.432952110638059 78
1788472356159 -3.505460687891049 79
1788472356159 -3.5782784481896797 80
1788472356159 -3.651389932381665 81
1788472356159 -3.724779681314725 82
1788472356159 -3.7984322358365796 83
1788472356159 -3.872332136794942 84
1788472356159 -3.946463925037537 85
1788472356172 -4.020812141412077 86
1788472356172 -4.095361326766281 87
1788472356176 -4.17009602194787 88
1788472356177 -4.245000767804558 89
1788472356177 -4.3200601051840675 90
1788472356177 -4.395258574934114 91
1788472356177 -4.470580717902416 92
1788472356187 -4.54601107493669 93
1788472356190 -4.621534186884658 94
1788472356190 -4.697134594594032 95
1788472356190 -4.7727968389125355 96
1788472356190 -4.848505460687887 97
1788472356190 -4.9242450007678 98
1788472356190 -4.9999999999999964 99
