1788472356190 0.0 0
1788472356203 6.0606060606060606 1
1788472356210 12.121212121212121 2
1788472356213 18.18181818181818 3
1788472356217 24.242424242424242 4
1788472356218 30.303030303030305 5
1788472356220 36.36363636363636 6
1788472356223 42.42424242424242 7
1788472356225 48.484848484848484 8
1788472356227 54.54545454545455 9
1788472356230 60.60606060606061 10
1788472356230 66.66666666666667 11
1788472356230 72.72727272727272 12
1788472356238 78.78787878787878 13
1788472356246 84.84848484848484 14
1788472356248 90.9090909090909 15
1788472356248 96.96969696969697 16
1788472356248 103.03030303030303 17
1788472356248 109.0909090909091 18
1788472356263 115.15151515151516 19
1788472356267 121.21212121212122 20
1788472356267 127.27272727272727 21
1788472356267 133.33333333333334 22
1788472356267 139.3939393939394 23
1788472356267 145.45454545454544 24
1788472356277 151.5151515151515 25
1788472356281 157.57575757575756 26
1788472356281 163.63636363636363 27
1788472356281 169.6969696969697 28
1788472356281 175.75757575757575 29
1788472356291 181.8181818181818 30
1788472356293 187.87878787878788 31
1788472356298 193.93939393939394 32
1788472356298 200.0 33
1788472356309 206.06060606060606 34
1788472356313 212.12121212121212 35
1788472356318 218.1818181818182 36
1788472356320 224.24242424242425 37
1788472356320 230.3030303030303 38
1788472356325 236.36363636363637 39
1788472356325 242.42424242424244 40
1788472356330 248.48484848484847 41
1788472356330 254.54545454545453 42
1788472356334 260.6060606060606 43
1788472356336 266.6666666666667 44
1788472356338 272.72727272727275 45
1788472356341 278.7878787878788 46
1788472356342 284.8484848484849 47
1788472356347 290.9090909090909 48
1788472356349 296.96969696969694 49
1788472356349 303.030303030303 50
1788472356349 309.09090909090907 51
1788472356349 315.1515151515151 52
1788472356357 321.2121212121212 53
1788472356359 327.27272727272725 54
1788472356361 333.3333333333333 55
1788472356364 339.3939393939394 56
1788472356365 345.45454545454544 57
1788472356365 351.5151515151515 58
1788472356371 357.57575757575756 59
1788472356373 363.6363636363636 60
1788472356374 369.6969696969697 61
1788472356379 375.75757575757575 62
1788472356379 381.8181818181818 63
1788472356382 387.8787878787879 64
1788472356382 393.93939393939394 65
1788472356382 400.0 66
1788472356382 406.06060606060606 67
1788472356392 412.1212121212121 68
1788472356392 418.1818181818182 69
1788472356398 424.24242424242425 70
1788472356398 430.3030303030303 71
1788472356398 436.3636363636364 72
1788472356398 442.42424242424244 73
1788472356398 448.4848484848485 74
1788472356398 454.54545454545456 75
1788472356414 460.6060606060606 76
1788472356414 466.6666666666667 77
1788472356414 472.72727272727275 78
1788472356414 478.7878787878788 79
1788472356426 484.8484848484849 80
1788472356428 490.9090909090909 81
1788472356429 496.96969696969694 82
1788472356429 503.030303030303 83
1788472356429 509.09090909090907 84
1788472356443 515.1515151515151 85
1788472356443 521.2121212121212 86
1788472356446 527.2727272727273 87
1788472356449 533.3333333333334 88
1788472356451 539.3939393939394 89
1788472356453 545.4545454545455 90
1788472356455 551.5151515151515 91
1788472356455 557.5757575757576 92
1788472356458 563.6363636363636 93
1788472356461 569.6969696969697 94
1788472356463 575.7575757575758 95
1788472356463 581.8181818181818 96
1788472356468 587.8787878787879 97
1788472356470 593.9393939393939 98
1788472356471 600.0 99
