1788472354703 0.0 0
1788472354712 -0.0007626515125749894 1
1788472354714 -0.0030402999487786735 2
1788472354714 -0.0068174861563291365 3
1788472354714 -0.01207875098294446 4
1788472354719 -0.018808635276342703 5
1788472354719 -0.026991679884241934 6
1788472354719 -0.03661242565436024 7
1788472354719 -0.04765541343441568 8
1788472354728 -0.06010518407212633 9
1788472354728 -0.07394627841521026 10
1788472354728 -0.08916323731138556 11
1788472354735 -0.10574060160837027 12
1788472354737 -0.12366291215388252 13
1788472354739 -0.14291470979564042 14
1788472354739 -0.16348053538136192 15
1788472354739 -0.1853449297587652 16
1788472354750 -0.2084924337755684 17
1788472354753 -0.2329075882794894 18
1788472354755 -0.25857493411824567 19
1788472354766 -0.2854790121395566 20
1788472354766 -0.31360436319113966 21
1788472354766 -0.342935528120713 22
1788472354766 -0.37345704777599453 23
1788472354766 -0.40515346300470223 24
1788472354766 -0.4380093146545545 25
1788472354776 -0.4720091435732693 26
1788472354778 -0.5071374906085646 27
1788472354778 -0.5433788966081585 28
1788472354784 -0.5807179024197692 29
1788472354786 -0.6191390488911146 30
1788472354786 -0.6586268768699131 31
1788472354798 -0.6991659272038822 32
1788472354800 -0.7407407407407405 33
1788472354804 -0.7833358583282057 34
1788472354806 -0.8269358208139963 35
1788472354806 -0.8715251690458299 36
1788472354806 -0.9170884438714251 37
1788472354806 -0.9636101861384994 38
1788472354806 -1.011074936694771 39
1788472354815 -1.0594672363879587 40
1788472354819 -1.1087716260657796 41
1788472354821 -1.158972646575952 42
1788472354823 -1.2100548387661947 43
1788472354825 -1.2620027434842251 44
1788472354828 -1.3148009015777613 45
1788472354832 -1.3684338538945213 46
1788472354839 -1.4228861412822233 47
1788472354847 -1.478142304588585 48
1788472354850 -1.5341868846613258 49
1788472354852 -1.5910044223481623 50
1788472354854 -1.6485794584968136 51
1788472354858 -1.706896533954997 52
1788472354860 -1.7659401895704312 53
1788472354862 -1.825694966190834 54
1788472354865 -1.8861454046639228 55
1788472354865 -1.9472760458374172 56
1788472354865 -2.009071430559034 57
1788472354865 -2.0715160996764914 58
1788472354865 -2.1345945940375084 59
1788472354876 -2.198291454489802 60
1788472354879 -2.26259122188109 61
1788472354879 -2.3274784370590926 62
1788472354879 -2.3929376408715246 63
1788472354879 -2.458953374166108 64
1788472354879 -2.5255101777905575 65
1788472354892 -2.592592592592593 66
1788472354894 -2.6601851594199317 67
1788472354896 -2.728272419120293 68
1788472354896 -2.7968389125413924 69
1788472354896 -2.865869180530951 70
1788472354896 -2.935347763936684 71
1788472354910 -3.0052592036063115 72
1788472354915 -3.0755880403875513 73
1788472354915 -3.146318815128122 74
1788472354915 -3.2174360686757386 75
1788472354915 -3.2889243418781238 76
1788472354915 -3.360768175582991 77
1788472354924 -3.432952110638063 78
1788472354926 -3.5054606878910537 79
1788472354930 -3.5782784481896845 80
1788472354930 -3.651389932381669 81
1788472354930 -3.72477968131473 82
1788472354930 -3.7984322358365845 83
1788472354930 -3.8723321367949484 84
1788472354930 -3.9464639250375426 85
1788472354940 -4.020812141412083 86
1788472354940 -4.095361326766288 87
1788472354940 -4.170096021947878 88
1788472354940 -4.245000767804566 89
1788472354940 -4.320060105184077 90
1788472354940 -4.395258574934122 91
1788472354955 -4.470580717902425 92
1788472354955 -4.546011074936699 93
1788472354955 -4.621534186884666 94
1788472354955 -4.697134594594043 95
1788472354965 -4.772796838912546 96
1788472354967 -4.848505460687897 97
1788472354967 -4.924245000767809 98
1788472354967 -5.000000000000006 99
