1783431494174 0.0 0
1783431494178 6.0606060606060606 1
1783431494181 12.121212121212121 2
1783431494184 18.18181818181818 3
1783431494189 24.242424242424242 4
1783431494194 30.303030303030305 5
1783431494198 36.36363636363636 6
1783431494203 42.42424242424242 7
1783431494208 48.484848484848484 8
1783431494213 54.54545454545455 9
1783431494216 60.60606060606061 10
1783431494220 66.66666666666667 11
1783431494227 72.72727272727272 12
1783431494230 78.78787878787878 13
1783431494234 84.84848484848484 14
1783431494238 90.9090909090909 15
1783431494241 96.96969696969697 16
1783431494245 103.03030303030303 17
1783431494249 109.0909090909091 18
1783431494251 115.15151515151516 19
1783431494255 121.21212121212122 20
1783431494258 127.27272727272727 21
1783431494260 133.33333333333334 22
1783431494264 139.3939393939394 23
1783431494267 145.45454545454544 24
1783431494271 151.5151515151515 25
1783431494274 157.57575757575756 26
1783431494282 163.63636363636363 27
1783431494289 169.6969696969697 28
1783431494292 175.75757575757575 29
1783431494297 181.8181818181818 30
1783431494300 187.87878787878788 31
1783431494309 193.93939393939394 32
1783431494316 200.0 33
1783431494323 206.06060606060606 34
1783431494329 212.12121212121212 35
1783431494335 218.1818181818182 36
1783431494351 224.24242424242425 37
1783431494357 230.3030303030303 38
1783431494363 236.36363636363637 39
1783431494369 242.42424242424244 40
1783431494374 248.48484848484847 41
1783431494381 254.54545454545453 42
1783431494385 260.6060606060606 43
1783431494393 266.6666666666667 44
1783431494401 272.72727272727275 45
1783431494408 278.7878787878788 46
1783431494414 284.8484848484849 47
1783431494417 290.9090909090909 48
1783431494423 296.96969696969694 49
1783431494430 303.030303030303 50
1783431494436 309.09090909090907 51
1783431494444 315.1515151515151 52
1783431494450 321.2121212121212 53
1783431494457 327.27272727272725 54
1783431494462 333.3333333333333 55
1783431494468 339.3939393939394 56
1783431494475 345.45454545454544 57
1783431494480 351.5151515151515 58
1783431494487 357.57575757575756 59
1783431494492 363.6363636363636 60
1783431494495 369.6969696969697 61
1783431494502 375.75757575757575 62
1783431494507 381.8181818181818 63
1783431494511 387.8787878787879 64
1783431494518 393.93939393939394 65
1783431494524 400.0 66
1783431494530 406.06060606060606 67
1783431494537 412.1212121212121 68
1783431494543 418.1818181818182 69
1783431494550 424.24242424242425 70
1783431494556 430.3030303030303 71
1783431494559 436.3636363636364 72
1783431494563 442.42424242424244 73
1783431494567 448.4848484848485 74
1783431494571 454.54545454545456 75
1783431494577 460.6060606060606 76
1783431494583 466.6666666666667 77
1783431494588 472.72727272727275 78
1783431494592 478.7878787878788 79
1783431494595 484.8484848484849 80
1783431494599 490.9090909090909 81
1783431494603 496.96969696969694 82
1783431494607 503.030303030303 83
1783431494610 509.09090909090907 84
1783431494614 515.1515151515151 85
1783431494618 521.2121212121212 86
1783431494622 527.2727272727273 87
1783431494627 533.3333333333334 88
1783431494630 539.3939393939394 89
1783431494634 545.4545454545455 90
1783431494638 551.5151515151515 91
1783431494643 557.5757575757576 92
1783431494650 563.6363636363636 93
1783431494654 569.6969696969697 94
1783431494657 575.7575757575758 95
1783431494661 581.8181818181818 96
1783431494666 587.8787878787879 97
1783431494670 593.9393939393939 98
1783431494674 600.0 99
