1783431493736 0.0 0
1783431493740 -0.0007626515125749894 1
1783431493743 -0.0030402999487786735 2
1783431493747 -0.0068174861563291365 3
1783431493752 -0.01207875098294446 4
1783431493759 -0.018808635276342703 5
1783431493765 -0.026991679884241934 6
1783431493772 -0.03661242565436024 7
1783431493779 -0.04765541343441568 8
1783431493782 -0.06010518407212633 9
1783431493789 -0.07394627841521026 10
1783431493793 -0.08916323731138556 11
1783431493798 -0.10574060160837027 12
1783431493803 -0.12366291215388252 13
1783431493809 -0.14291470979564042 14
1783431493814 -0.16348053538136192 15
1783431493820 -0.1853449297587652 16
1783431493828 -0.2084924337755684 17
1783431493836 -0.2329075882794894 18
1783431493841 -0.25857493411824567 19
1783431493844 -0.2854790121395566 20
1783431493851 -0.31360436319113966 21
1783431493856 -0.342935528120713 22
1783431493860 -0.37345704777599453 23
1783431493865 -0.40515346300470223 24
1783431493870 -0.4380093146545545 25
1783431493874 -0.4720091435732693 26
1783431493880 -0.5071374906085646 27
1783431493885 -0.5433788966081585 28
1783431493887 -0.5807179024197692 29
1783431493891 -0.6191390488911146 30
1783431493896 -0.6586268768699131 31
1783431493900 -0.6991659272038822 32
1783431493905 -0.7407407407407405 33
1783431493908 -0.7833358583282057 34
1783431493910 -0.8269358208139963 35
1783431493915 -0.8715251690458299 36
1783431493918 -0.9170884438714251 37
1783431493922 -0.9636101861384994 38
1783431493926 -1.011074936694771 39
1783431493932 -1.0594672363879587 40
1783431493936 -1.1087716260657796 41
1783431493940 -1.158972646575952 42
1783431493943 -1.2100548387661947 43
1783431493948 -1.2620027434842251 44
1783431493953 -1.3148009015777613 45
1783431493961 -1.3684338538945213 46
1783431493967 -1.4228861412822233 47
1783431493971 -1.478142304588585 48
1783431493975 -1.5341868846613258 49
1783431493978 -1.5910044223481623 50
1783431493982 -1.6485794584968136 51
1783431493985 -1.706896533954997 52
1783431493989 -1.7659401895704312 53
1783431493993 -1.825694966190834 54
1783431493997 -1.8861454046639228 55
1783431494000 -1.9472760458374172 56
1783431494007 -2.009071430559034 57
1783431494014 -2.0715160996764914 58
1783431494021 -2.1345945940375084 59
1783431494027 -2.198291454489802 60
1783431494029 -2.26259122188109 61
1783431494033 -2.3274784370590926 62
1783431494037 -2.3929376408715246 63
1783431494042 -2.458953374166108 64
1783431494047 -2.5255101777905575 65
1783431494051 -2.592592592592593 66
1783431494055 -2.6601851594199317 67
1783431494059 -2.728272419120293 68
1783431494061 -2.7968389125413924 69
1783431494064 -2.865869180530951 70
1783431494067 -2.935347763936684 71
1783431494069 -3.0052592036063115 72
1783431494072 -3.0755880403875513 73
1783431494075 -3.146318815128122 74
1783431494078 -3.2174360686757386 75
1783431494081 -3.2889243418781238 76
1783431494085 -3.360768175582991 77
1783431494091 -3.432952110638063 78
1783431494099 -3.5054606878910537 79
1783431494104 -3.5782784481896845 80
1783431494106 -3.651389932381669 81
1783431494110 -3.72477968131473 82
1783431494113 -3.7984322358365845 83
1783431494116 -3.8723321367949484 84
1783431494122 -3.9464639250375426 85
1783431494125 -4.020812141412083 86
1783431494127 -4.095361326766288 87
1783431494130 -4.170096021947878 88
1783431494132 -4.245000767804566 89
1783431494135 -4.320060105184077 90
1783431494139 -4.395258574934122 91
1783431494145 -4.470580717902425 92
1783431494150 -4.546011074936699 93
1783431494154 -4.621534186884666 94
1783431494157 -4.697134594594043 95
1783431494160 -4.772796838912546 96
1783431494164 -4.848505460687897 97
1783431494167 -4.924245000767809 98
1783431494170 -5.000000000000006 99
