1788264867256 0.0 0
1788264867260 6.0606060606060606 1
1788264867264 12.121212121212121 2
1788264867268 18.18181818181818 3
1788264867272 24.242424242424242 4
1788264867274 30.303030303030305 5
1788264867277 36.36363636363636 6
1788264867278 42.42424242424242 7
1788264867278 48.484848484848484 8
1788264867278 54.54545454545455 9
1788264867278 60.60606060606061 10
1788264867278 66.66666666666667 11
1788264867293 72.72727272727272 12
1788264867298 78.78787878787878 13
1788264867302 84.84848484848484 14
1788264867304 90.9090909090909 15
1788264867306 96.96969696969697 16
1788264867308 103.03030303030303 17
1788264867311 109.0909090909091 18
1788264867311 115.15151515151516 19
1788264867311 121.21212121212122 20
1788264867311 127.27272727272727 21
1788264867328 133.33333333333334 22
1788264867329 139.3939393939394 23
1788264867335 145.45454545454544 24
1788264867335 151.5151515151515 25
1788264867335 157.57575757575756 26
1788264867335 163.63636363636363 27
1788264867346 169.6969696969697 28
1788264867350 175.75757575757575 29
1788264867353 181.8181818181818 30
1788264867356 187.87878787878788 31
1788264867360 193.93939393939394 32
1788264867362 200.0 33
1788264867366 206.06060606060606 34
1788264867369 212.12121212121212 35
1788264867372 218.1818181818182 36
1788264867375 224.24242424242425 37
1788264867378 230.3030303030303 38
1788264867378 236.36363636363637 39
1788264867384 242.42424242424244 40
1788264867391 248.48484848484847 41
1788264867395 254.54545454545453 42
1788264867397 260.6060606060606 43
1788264867403 266.6666666666667 44
1788264867403 272.72727272727275 45
1788264867411 278.7878787878788 46
1788264867417 284.8484848484849 47
1788264867421 290.9090909090909 48
1788264867425 296.96969696969694 49
1788264867429 303.030303030303 50
1788264867432 309.09090909090907 51
1788264867435 315.1515151515151 52
1788264867437 321.2121212121212 53
1788264867440 327.27272727272725 54
1788264867443 333.3333333333333 55
1788264867445 339.3939393939394 56
1788264867448 345.45454545454544 57
1788264867453 351.5151515151515 58
1788264867453 357.57575757575756 59
1788264867461 363.6363636363636 60
1788264867461 369.6969696969697 61
1788264867461 375.75757575757575 62
1788264867461 381.8181818181818 63
1788264867478 387.8787878787879 64
1788264867482 393.93939393939394 65
1788264867484 400.0 66
1788264867488 406.06060606060606 67
1788264867494 412.1212121212121 68
1788264867498 418.1818181818182 69
1788264867500 424.24242424242425 70
1788264867502 430.3030303030303 71
1788264867505 436.3636363636364 72
1788264867507 442.42424242424244 73
1788264867510 448.4848484848485 74
1788264867512 454.54545454545456 75
1788264867515 460.6060606060606 76
1788264867517 466.6666666666667 77
1788264867519 472.72727272727275 78
1788264867521 478.7878787878788 79
1788264867523 484.8484848484849 80
1788264867526 490.9090909090909 81
1788264867528 496.96969696969694 82
1788264867528 503.030303030303 83
1788264867528 509.09090909090907 84
1788264867528 515.1515151515151 85
1788264867528 521.2121212121212 86
1788264867528 527.2727272727273 87
1788264867528 533.3333333333334 88
1788264867528 539.3939393939394 89
1788264867545 545.4545454545455 90
1788264867548 551.5151515151515 91
1788264867548 557.5757575757576 92
1788264867548 563.6363636363636 93
1788264867554 569.6969696969697 94
1788264867554 575.7575757575758 95
1788264867554 581.8181818181818 96
1788264867561 587.8787878787879 97
1788264867561 593.9393939393939 98
1788264867561 600.0 99
