1788264866961 0.0 0
1788264866976 -0.0007626515125749892 1
1788264866978 -0.0030402999487786743 2
1788264866978 -0.006817486156329138 3
1788264866978 -0.01207875098294446 4
1788264866978 -0.01880863527634271 5
1788264866978 -0.02699167988424193 6
1788264866978 -0.03661242565436023 7
1788264866994 -0.04765541343441567 8
1788264866997 -0.06010518407212631 9
1788264866999 -0.07394627841521022 10
1788264867005 -0.08916323731138552 11
1788264867007 -0.10574060160837022 12
1788264867007 -0.12366291215388246 13
1788264867012 -0.1429147097956403 14
1788264867015 -0.16348053538136176 15
1788264867017 -0.185344929758765 16
1788264867019 -0.2084924337755681 17
1788264867022 -0.23290758827948904 18
1788264867024 -0.2585749341182458 19
1788264867026 -0.28547901213955673 20
1788264867030 -0.3136043631911397 21
1788264867034 -0.3429355281207131 22
1788264867037 -0.37345704777599464 23
1788264867041 -0.40515346300470234 24
1788264867044 -0.4380093146545546 25
1788264867047 -0.4720091435732694 26
1788264867047 -0.5071374906085647 27
1788264867050 -0.5433788966081587 28
1788264867052 -0.5807179024197693 29
1788264867056 -0.6191390488911148 30
1788264867058 -0.6586268768699132 31
1788264867060 -0.6991659272038824 32
1788264867061 -0.7407407407407406 33
1788264867061 -0.783335858328206 34
1788264867061 -0.8269358208139965 35
1788264867061 -0.8715251690458302 36
1788264867073 -0.9170884438714253 37
1788264867075 -0.9636101861384998 38
1788264867078 -1.0110749366947716 39
1788264867078 -1.059467236387959 40
1788264867078 -1.1087716260657798 41
1788264867078 -1.1589726465759524 42
1788264867078 -1.2100548387661951 43
1788264867095 -1.2620027434842254 44
1788264867095 -1.3148009015777615 45
1788264867100 -1.3684338538945215 46
1788264867100 -1.4228861412822236 47
1788264867100 -1.4781423045885853 48
1788264867100 -1.534186884661326 49
1788264867100 -1.5910044223481628 50
1788264867110 -1.648579458496814 51
1788264867114 -1.7068965339549973 52
1788264867116 -1.7659401895704314 53
1788264867116 -1.8256949661908342 54
1788264867116 -1.8861454046639232 55
1788264867116 -1.9472760458374172 56
1788264867116 -2.0090714305590343 57
1788264867129 -2.071516099676492 58
1788264867132 -2.1345945940375084 59
1788264867134 -2.1982914544898025 60
1788264867136 -2.2625912218810904 61
1788264867138 -2.327478437059093 62
1788264867140 -2.392937640871525 63
1788264867142 -2.458953374166109 64
1788264867145 -2.525510177790558 65
1788264867147 -2.592592592592593 66
1788264867152 -2.660185159419932 67
1788264867155 -2.728272419120293 68
1788264867157 -2.796838912541393 69
1788264867159 -2.8658691805309506 70
1788264867163 -2.9353477639366843 71
1788264867167 -3.005259203606312 72
1788264867169 -3.0755880403875513 73
1788264867172 -3.146318815128122 74
1788264867175 -3.2174360686757386 75
1788264867177 -3.2889243418781233 76
1788264867180 -3.3607681755829906 77
1788264867184 -3.432952110638063 78
1788264867187 -3.5054606878910533 79
1788264867189 -3.5782784481896828 80
1788264867191 -3.6513899323816688 81
1788264867195 -3.724779681314729 82
1788264867199 -3.798432235836583 83
1788264867202 -3.872332136794947 84
1788264867204 -3.946463925037542 85
1788264867206 -4.020812141412082 86
1788264867209 -4.0953613267662865 87
1788264867213 -4.170096021947876 88
1788264867216 -4.245000767804566 89
1788264867220 -4.320060105184075 90
1788264867222 -4.39525857493412 91
1788264867224 -4.470580717902423 92
1788264867226 -4.546011074936697 93
1788264867230 -4.621534186884664 94
1788264867232 -4.69713459459404 95
1788264867239 -4.772796838912543 96
1788264867244 -4.8485054606878935 97
1788264867248 -4.924245000767805 98
1788264867251 -5.000000000000003 99
