1788264123323 0.0 0
1788264123327 6.0606060606060606 1
1788264123332 12.121212121212121 2
1788264123336 18.18181818181818 3
1788264123339 24.242424242424242 4
1788264123342 30.303030303030305 5
1788264123347 36.36363636363636 6
1788264123351 42.42424242424242 7
1788264123354 48.484848484848484 8
1788264123357 54.54545454545455 9
1788264123361 60.60606060606061 10
1788264123365 66.66666666666667 11
1788264123368 72.72727272727272 12
1788264123372 78.78787878787878 13
1788264123376 84.84848484848484 14
1788264123379 90.9090909090909 15
1788264123382 96.96969696969697 16
1788264123384 103.03030303030303 17
1788264123388 109.0909090909091 18
1788264123391 115.15151515151516 19
1788264123395 121.21212121212122 20
1788264123399 127.27272727272727 21
1788264123403 133.33333333333334 22
1788264123407 139.3939393939394 23
1788264123411 145.45454545454544 24
1788264123415 151.5151515151515 25
1788264123418 157.57575757575756 26
1788264123422 163.63636363636363 27
1788264123426 169.6969696969697 28
1788264123430 175.75757575757575 29
1788264123434 181.8181818181818 30
1788264123440 187.87878787878788 31
1788264123444 193.93939393939394 32
1788264123448 200.0 33
1788264123449 206.06060606060606 34
1788264123455 212.12121212121212 35
1788264123457 218.1818181818182 36
1788264123460 224.24242424242425 37
1788264123462 230.3030303030303 38
1788264123466 236.36363636363637 39
1788264123469 242.42424242424244 40
1788264123474 248.48484848484847 41
1788264123477 254.54545454545453 42
1788264123481 260.6060606060606 43
1788264123485 266.6666666666667 44
1788264123489 272.72727272727275 45
1788264123494 278.7878787878788 46
1788264123500 284.8484848484849 47
1788264123504 290.9090909090909 48
1788264123509 296.96969696969694 49
1788264123509 303.030303030303 50
1788264123509 309.09090909090907 51
1788264123509 315.1515151515151 52
1788264123520 321.2121212121212 53
1788264123523 327.27272727272725 54
1788264123526 333.3333333333333 55
1788264123530 339.3939393939394 56
1788264123533 345.45454545454544 57
1788264123537 351.5151515151515 58
1788264123539 357.57575757575756 59
1788264123542 363.6363636363636 60
1788264123548 369.6969696969697 61
1788264123554 375.75757575757575 62
1788264123558 381.8181818181818 63
1788264123562 387.8787878787879 64
1788264123566 393.93939393939394 65
1788264123571 400.0 66
1788264123575 406.06060606060606 67
1788264123579 412.1212121212121 68
1788264123584 418.1818181818182 69
1788264123589 424.24242424242425 70
1788264123592 430.3030303030303 71
1788264123592 436.3636363636364 72
1788264123603 442.42424242424244 73
1788264123607 448.4848484848485 74
1788264123609 454.54545454545456 75
1788264123615 460.6060606060606 76
1788264123619 466.6666666666667 77
1788264123622 472.72727272727275 78
1788264123625 478.7878787878788 79
1788264123627 484.8484848484849 80
1788264123629 490.9090909090909 81
1788264123636 496.96969696969694 82
1788264123641 503.030303030303 83
1788264123645 509.09090909090907 84
1788264123645 515.1515151515151 85
1788264123651 521.2121212121212 86
1788264123654 527.2727272727273 87
1788264123657 533.3333333333334 88
1788264123659 539.3939393939394 89
1788264123666 545.4545454545455 90
1788264123671 551.5151515151515 91
1788264123674 557.5757575757576 92
1788264123677 563.6363636363636 93
1788264123680 569.6969696969697 94
1788264123682 575.7575757575758 95
1788264123686 581.8181818181818 96
1788264123691 587.8787878787879 97
1788264123695 593.9393939393939 98
1788264123698 600.0 99
