1788468884759 0.0 0
1788468884762 -0.0007626515125749892 1
1788468884765 -0.0030402999487786743 2
1788468884770 -0.006817486156329138 3
1788468884773 -0.01207875098294446 4
1788468884778 -0.01880863527634271 5
1788468884782 -0.02699167988424193 6
1788468884787 -0.03661242565436023 7
1788468884793 -0.04765541343441567 8
1788468884798 -0.06010518407212631 9
1788468884798 -0.07394627841521022 10
1788468884808 -0.08916323731138552 11
1788468884813 -0.10574060160837022 12
1788468884820 -0.12366291215388246 13
1788468884824 -0.1429147097956403 14
1788468884829 -0.16348053538136176 15
1788468884833 -0.185344929758765 16
1788468884833 -0.2084924337755681 17
1788468884842 -0.23290758827948904 18
1788468884848 -0.2585749341182458 19
1788468884852 -0.28547901213955673 20
1788468884863 -0.3136043631911397 21
1788468884864 -0.3429355281207131 22
1788468884864 -0.37345704777599464 23
1788468884875 -0.40515346300470234 24
1788468884875 -0.4380093146545546 25
1788468884883 -0.4720091435732694 26
1788468884883 -0.5071374906085647 27
1788468884893 -0.5433788966081587 28
1788468884900 -0.5807179024197693 29
1788468884900 -0.6191390488911148 30
1788468884911 -0.6586268768699132 31
1788468884914 -0.6991659272038824 32
1788468884914 -0.7407407407407406 33
1788468884914 -0.783335858328206 34
1788468884924 -0.8269358208139965 35
1788468884927 -0.8715251690458302 36
1788468884932 -0.9170884438714253 37
1788468884934 -0.9636101861384998 38
1788468884934 -1.0110749366947716 39
1788468884941 -1.059467236387959 40
1788468884944 -1.1087716260657798 41
1788468884948 -1.1589726465759524 42
1788468884950 -1.2100548387661951 43
1788468884952 -1.2620027434842254 44
1788468884956 -1.3148009015777615 45
1788468884960 -1.3684338538945215 46
1788468884960 -1.4228861412822236 47
1788468884964 -1.4781423045885853 48
1788468884964 -1.534186884661326 49
1788468884964 -1.5910044223481628 50
1788468884976 -1.648579458496814 51
1788468884976 -1.7068965339549973 52
1788468884980 -1.7659401895704314 53
1788468884984 -1.8256949661908342 54
1788468884989 -1.8861454046639232 55
1788468884994 -1.9472760458374172 56
1788468884997 -2.0090714305590343 57
1788468885001 -2.071516099676492 58
1788468885003 -2.1345945940375084 59
1788468885006 -2.1982914544898025 60
1788468885010 -2.2625912218810904 61
1788468885014 -2.327478437059093 62
1788468885021 -2.392937640871525 63
1788468885026 -2.458953374166109 64
1788468885030 -2.525510177790558 65
1788468885035 -2.592592592592593 66
1788468885041 -2.660185159419932 67
1788468885047 -2.728272419120293 68
1788468885050 -2.796838912541393 69
1788468885055 -2.8658691805309506 70
1788468885058 -2.9353477639366843 71
1788468885068 -3.005259203606312 72
1788468885072 -3.0755880403875513 73
1788468885078 -3.146318815128122 74
1788468885078 -3.2174360686757386 75
1788468885084 -3.2889243418781233 76
1788468885086 -3.3607681755829906 77
1788468885088 -3.432952110638063 78
1788468885088 -3.5054606878910533 79
1788468885088 -3.5782784481896828 80
1788468885102 -3.6513899323816688 81
1788468885102 -3.724779681314729 82
1788468885106 -3.798432235836583 83
1788468885106 -3.872332136794947 84
1788468885115 -3.946463925037542 85
1788468885118 -4.020812141412082 86
1788468885118 -4.0953613267662865 87
1788468885124 -4.170096021947876 88
1788468885132 -4.245000767804566 89
1788468885135 -4.320060105184075 90
1788468885135 -4.39525857493412 91
1788468885144 -4.470580717902423 92
1788468885145 -4.546011074936697 93
1788468885150 -4.621534186884664 94
1788468885150 -4.69713459459404 95
1788468885150 -4.772796838912543 96
1788468885150 -4.8485054606878935 97
1788468885150 -4.924245000767805 98
1788468885150 -5.000000000000003 99
