1788468885168 0.0 0
1788468885170 6.0606060606060606 1
1788468885170 12.121212121212121 2
1788468885180 18.18181818181818 3
1788468885183 24.242424242424242 4
1788468885185 30.303030303030305 5
1788468885189 36.36363636363636 6
1788468885189 42.42424242424242 7
1788468885195 48.484848484848484 8
1788468885202 54.54545454545455 9
1788468885206 60.60606060606061 10
1788468885208 66.66666666666667 11
1788468885210 72.72727272727272 12
1788468885214 78.78787878787878 13
1788468885220 84.84848484848484 14
1788468885227 90.9090909090909 15
1788468885231 96.96969696969697 16
1788468885231 103.03030303030303 17
1788468885236 109.0909090909091 18
1788468885244 115.15151515151516 19
1788468885248 121.21212121212122 20
1788468885253 127.27272727272727 21
1788468885257 133.33333333333334 22
1788468885261 139.3939393939394 23
1788468885267 145.45454545454544 24
1788468885267 151.5151515151515 25
1788468885277 157.57575757575756 26
1788468885284 163.63636363636363 27
1788468885287 169.6969696969697 28
1788468885293 175.75757575757575 29
1788468885293 181.8181818181818 30
1788468885293 187.87878787878788 31
1788468885306 193.93939393939394 32
1788468885310 200.0 33
1788468885310 206.06060606060606 34
1788468885317 212.12121212121212 35
1788468885319 218.1818181818182 36
1788468885322 224.24242424242425 37
1788468885328 230.3030303030303 38
1788468885332 236.36363636363637 39
1788468885334 242.42424242424244 40
1788468885337 248.48484848484847 41
1788468885339 254.54545454545453 42
1788468885346 260.6060606060606 43
1788468885352 266.6666666666667 44
1788468885359 272.72727272727275 45
1788468885363 278.7878787878788 46
1788468885367 284.8484848484849 47
1788468885368 290.9090909090909 48
1788468885368 296.96969696969694 49
1788468885376 303.030303030303 50
1788468885379 309.09090909090907 51
1788468885383 315.1515151515151 52
1788468885387 321.2121212121212 53
1788468885392 327.27272727272725 54
1788468885394 333.3333333333333 55
1788468885398 339.3939393939394 56
1788468885402 345.45454545454544 57
1788468885406 351.5151515151515 58
1788468885411 357.57575757575756 59
1788468885422 363.6363636363636 60
1788468885425 369.6969696969697 61
1788468885428 375.75757575757575 62
1788468885428 381.8181818181818 63
1788468885433 387.8787878787879 64
1788468885438 393.93939393939394 65
1788468885442 400.0 66
1788468885445 406.06060606060606 67
1788468885449 412.1212121212121 68
1788468885453 418.1818181818182 69
1788468885455 424.24242424242425 70
1788468885458 430.3030303030303 71
1788468885467 436.3636363636364 72
1788468885469 442.42424242424244 73
1788468885473 448.4848484848485 74
1788468885476 454.54545454545456 75
1788468885478 460.6060606060606 76
1788468885482 466.6666666666667 77
1788468885486 472.72727272727275 78
1788468885492 478.7878787878788 79
1788468885495 484.8484848484849 80
1788468885498 490.9090909090909 81
1788468885503 496.96969696969694 82
1788468885506 503.030303030303 83
1788468885510 509.09090909090907 84
1788468885510 515.1515151515151 85
1788468885515 521.2121212121212 86
1788468885520 527.2727272727273 87
1788468885526 533.3333333333334 88
1788468885526 539.3939393939394 89
1788468885531 545.4545454545455 90
1788468885533 551.5151515151515 91
1788468885537 557.5757575757576 92
1788468885539 563.6363636363636 93
1788468885542 569.6969696969697 94
1788468885547 575.7575757575758 95
1788468885548 581.8181818181818 96
1788468885552 587.8787878787879 97
1788468885554 593.9393939393939 98
1788468885558 600.0 99
