1783430737037 0.0 0
1783430737040 6.0606060606060606 1
1783430737043 12.121212121212121 2
1783430737045 18.18181818181818 3
1783430737047 24.242424242424242 4
1783430737048 30.303030303030305 5
1783430737051 36.36363636363636 6
1783430737053 42.42424242424242 7
1783430737055 48.484848484848484 8
1783430737058 54.54545454545455 9
1783430737060 60.60606060606061 10
1783430737063 66.66666666666667 11
1783430737065 72.72727272727272 12
1783430737070 78.78787878787878 13
1783430737072 84.84848484848484 14
1783430737075 90.9090909090909 15
1783430737078 96.96969696969697 16
1783430737080 103.03030303030303 17
1783430737083 109.0909090909091 18
1783430737086 115.15151515151516 19
1783430737088 121.21212121212122 20
1783430737091 127.27272727272727 21
1783430737092 133.33333333333334 22
1783430737094 139.3939393939394 23
1783430737097 145.45454545454544 24
1783430737099 151.5151515151515 25
1783430737101 157.57575757575756 26
1783430737103 163.63636363636363 27
1783430737106 169.6969696969697 28
1783430737110 175.75757575757575 29
1783430737112 181.8181818181818 30
1783430737114 187.87878787878788 31
1783430737117 193.93939393939394 32
1783430737118 200.0 33
1783430737119 206.06060606060606 34
1783430737121 212.12121212121212 35
1783430737124 218.1818181818182 36
1783430737127 224.24242424242425 37
1783430737129 230.3030303030303 38
1783430737132 236.36363636363637 39
1783430737134 242.42424242424244 40
1783430737136 248.48484848484847 41
1783430737138 254.54545454545453 42
1783430737141 260.6060606060606 43
1783430737144 266.6666666666667 44
1783430737147 272.72727272727275 45
1783430737150 278.7878787878788 46
1783430737152 284.8484848484849 47
1783430737154 290.9090909090909 48
1783430737158 296.96969696969694 49
1783430737160 303.030303030303 50
1783430737162 309.09090909090907 51
1783430737165 315.1515151515151 52
1783430737167 321.2121212121212 53
1783430737169 327.27272727272725 54
1783430737171 333.3333333333333 55
1783430737173 339.3939393939394 56
1783430737176 345.45454545454544 57
1783430737178 351.5151515151515 58
1783430737180 357.57575757575756 59
1783430737182 363.6363636363636 60
1783430737185 369.6969696969697 61
1783430737187 375.75757575757575 62
1783430737189 381.8181818181818 63
1783430737193 387.8787878787879 64
1783430737195 393.93939393939394 65
1783430737197 400.0 66
1783430737200 406.06060606060606 67
1783430737202 412.1212121212121 68
1783430737205 418.1818181818182 69
1783430737208 424.24242424242425 70
1783430737210 430.3030303030303 71
1783430737213 436.3636363636364 72
1783430737215 442.42424242424244 73
1783430737217 448.4848484848485 74
1783430737220 454.54545454545456 75
1783430737222 460.6060606060606 76
1783430737225 466.6666666666667 77
1783430737227 472.72727272727275 78
1783430737229 478.7878787878788 79
1783430737231 484.8484848484849 80
1783430737234 490.9090909090909 81
1783430737236 496.96969696969694 82
1783430737239 503.030303030303 83
1783430737242 509.09090909090907 84
1783430737244 515.1515151515151 85
1783430737246 521.2121212121212 86
1783430737249 527.2727272727273 87
1783430737253 533.3333333333334 88
1783430737256 539.3939393939394 89
1783430737259 545.4545454545455 90
1783430737261 551.5151515151515 91
1783430737265 557.5757575757576 92
1783430737268 563.6363636363636 93
1783430737270 569.6969696969697 94
1783430737272 575.7575757575758 95
1783430737274 581.8181818181818 96
1783430737277 587.8787878787879 97
1783430737279 593.9393939393939 98
1783430737282 600.0 99
