1783430736795 0.0 0
1783430736798 -0.0007626515125749894 1
1783430736801 -0.0030402999487786735 2
1783430736804 -0.0068174861563291365 3
1783430736807 -0.01207875098294446 4
1783430736810 -0.018808635276342703 5
1783430736812 -0.026991679884241934 6
1783430736813 -0.03661242565436024 7
1783430736815 -0.04765541343441568 8
1783430736818 -0.06010518407212633 9
1783430736820 -0.07394627841521026 10
1783430736823 -0.08916323731138556 11
1783430736825 -0.10574060160837027 12
1783430736828 -0.12366291215388252 13
1783430736830 -0.14291470979564042 14
1783430736832 -0.16348053538136192 15
1783430736835 -0.1853449297587652 16
1783430736837 -0.2084924337755684 17
1783430736840 -0.2329075882794894 18
1783430736842 -0.25857493411824567 19
1783430736844 -0.2854790121395566 20
1783430736848 -0.31360436319113966 21
1783430736850 -0.342935528120713 22
1783430736852 -0.37345704777599453 23
1783430736855 -0.40515346300470223 24
1783430736858 -0.4380093146545545 25
1783430736860 -0.4720091435732693 26
1783430736862 -0.5071374906085646 27
1783430736864 -0.5433788966081585 28
1783430736867 -0.5807179024197692 29
1783430736870 -0.6191390488911146 30
1783430736872 -0.6586268768699131 31
1783430736875 -0.6991659272038822 32
1783430736877 -0.7407407407407405 33
1783430736878 -0.7833358583282057 34
1783430736880 -0.8269358208139963 35
1783430736882 -0.8715251690458299 36
1783430736885 -0.9170884438714251 37
1783430736887 -0.9636101861384994 38
1783430736889 -1.011074936694771 39
1783430736891 -1.0594672363879587 40
1783430736895 -1.1087716260657796 41
1783430736897 -1.158972646575952 42
1783430736899 -1.2100548387661947 43
1783430736902 -1.2620027434842251 44
1783430736904 -1.3148009015777613 45
1783430736907 -1.3684338538945213 46
1783430736910 -1.4228861412822233 47
1783430736912 -1.478142304588585 48
1783430736914 -1.5341868846613258 49
1783430736918 -1.5910044223481623 50
1783430736920 -1.6485794584968136 51
1783430736923 -1.706896533954997 52
1783430736925 -1.7659401895704312 53
1783430736927 -1.825694966190834 54
1783430736928 -1.8861454046639228 55
1783430736931 -1.9472760458374172 56
1783430736934 -2.009071430559034 57
1783430736936 -2.0715160996764914 58
1783430736939 -2.1345945940375084 59
1783430736941 -2.198291454489802 60
1783430736945 -2.26259122188109 61
1783430736947 -2.3274784370590926 62
1783430736950 -2.3929376408715246 63
1783430736953 -2.458953374166108 64
1783430736956 -2.5255101777905575 65
1783430736959 -2.592592592592593 66
1783430736961 -2.6601851594199317 67
1783430736964 -2.728272419120293 68
1783430736965 -2.7968389125413924 69
1783430736967 -2.865869180530951 70
1783430736970 -2.935347763936684 71
1783430736972 -3.0052592036063115 72
1783430736975 -3.0755880403875513 73
1783430736977 -3.146318815128122 74
1783430736979 -3.2174360686757386 75
1783430736982 -3.2889243418781238 76
1783430736983 -3.360768175582991 77
1783430736986 -3.432952110638063 78
1783430736989 -3.5054606878910537 79
1783430736992 -3.5782784481896845 80
1783430736994 -3.651389932381669 81
1783430736996 -3.72477968131473 82
1783430736998 -3.7984322358365845 83
1783430737002 -3.8723321367949484 84
1783430737004 -3.9464639250375426 85
1783430737006 -4.020812141412083 86
1783430737008 -4.095361326766288 87
1783430737010 -4.170096021947878 88
1783430737012 -4.245000767804566 89
1783430737014 -4.320060105184077 90
1783430737016 -4.395258574934122 91
1783430737017 -4.470580717902425 92
1783430737020 -4.546011074936699 93
1783430737022 -4.621534186884666 94
1783430737025 -4.697134594594043 95
1783430737027 -4.772796838912546 96
1783430737030 -4.848505460687897 97
1783430737032 -4.924245000767809 98
1783430737035 -5.000000000000006 99
