1783425662557 0.0 0
1783425662560 6.0606060606060606 1
1783425662563 12.121212121212121 2
1783425662566 18.18181818181818 3
1783425662568 24.242424242424242 4
1783425662571 30.303030303030305 5
1783425662574 36.36363636363636 6
1783425662578 42.42424242424242 7
1783425662582 48.484848484848484 8
1783425662584 54.54545454545455 9
1783425662587 60.60606060606061 10
1783425662590 66.66666666666667 11
1783425662593 72.72727272727272 12
1783425662596 78.78787878787878 13
1783425662599 84.84848484848484 14
1783425662600 90.9090909090909 15
1783425662603 96.96969696969697 16
1783425662605 103.03030303030303 17
1783425662608 109.0909090909091 18
1783425662612 115.15151515151516 19
1783425662615 121.21212121212122 20
1783425662618 127.27272727272727 21
1783425662621 133.33333333333334 22
1783425662624 139.3939393939394 23
1783425662627 145.45454545454544 24
1783425662631 151.5151515151515 25
1783425662633 157.57575757575756 26
1783425662637 163.63636363636363 27
1783425662640 169.6969696969697 28
1783425662642 175.75757575757575 29
1783425662646 181.8181818181818 30
1783425662649 187.87878787878788 31
1783425662651 193.93939393939394 32
1783425662655 200.0 33
1783425662655 206.06060606060606 34
1783425662655 212.12121212121212 35
1783425662664 218.1818181818182 36
1783425662667 224.24242424242425 37
1783425662670 230.3030303030303 38
1783425662672 236.36363636363637 39
1783425662675 242.42424242424244 40
1783425662679 248.48484848484847 41
1783425662683 254.54545454545453 42
1783425662686 260.6060606060606 43
1783425662689 266.6666666666667 44
1783425662692 272.72727272727275 45
1783425662695 278.7878787878788 46
1783425662698 284.8484848484849 47
1783425662701 290.9090909090909 48
1783425662703 296.96969696969694 49
1783425662703 303.030303030303 50
1783425662712 309.09090909090907 51
1783425662714 315.1515151515151 52
1783425662717 321.2121212121212 53
1783425662720 327.27272727272725 54
1783425662723 333.3333333333333 55
1783425662725 339.3939393939394 56
1783425662730 345.45454545454544 57
1783425662733 351.5151515151515 58
1783425662737 357.57575757575756 59
1783425662739 363.6363636363636 60
1783425662741 369.6969696969697 61
1783425662745 375.75757575757575 62
1783425662748 381.8181818181818 63
1783425662750 387.8787878787879 64
1783425662754 393.93939393939394 65
1783425662756 400.0 66
1783425662760 406.06060606060606 67
1783425662764 412.1212121212121 68
1783425662767 418.1818181818182 69
1783425662770 424.24242424242425 70
1783425662773 430.3030303030303 71
1783425662777 436.3636363636364 72
1783425662780 442.42424242424244 73
1783425662783 448.4848484848485 74
1783425662787 454.54545454545456 75
1783425662789 460.6060606060606 76
1783425662791 466.6666666666667 77
1783425662793 472.72727272727275 78
1783425662797 478.7878787878788 79
1783425662800 484.8484848484849 80
1783425662803 490.9090909090909 81
1783425662807 496.96969696969694 82
1783425662810 503.030303030303 83
1783425662813 509.09090909090907 84
1783425662815 515.1515151515151 85
1783425662816 521.2121212121212 86
1783425662818 527.2727272727273 87
1783425662819 533.3333333333334 88
1783425662822 539.3939393939394 89
1783425662824 545.4545454545455 90
1783425662826 551.5151515151515 91
1783425662830 557.5757575757576 92
1783425662831 563.6363636363636 93
1783425662833 569.6969696969697 94
1783425662835 575.7575757575758 95
1783425662837 581.8181818181818 96
1783425662839 587.8787878787879 97
1783425662841 593.9393939393939 98
1783425662842 600.0 99
