1783425662284 0.0 0
1783425662288 -0.0007626515125749892 1
1783425662291 -0.0030402999487786743 2
1783425662295 -0.006817486156329138 3
1783425662297 -0.01207875098294446 4
1783425662299 -0.01880863527634271 5
1783425662300 -0.02699167988424193 6
1783425662301 -0.03661242565436023 7
1783425662304 -0.04765541343441567 8
1783425662306 -0.06010518407212631 9
1783425662307 -0.07394627841521022 10
1783425662309 -0.08916323731138552 11
1783425662310 -0.10574060160837022 12
1783425662312 -0.12366291215388246 13
1783425662313 -0.1429147097956403 14
1783425662315 -0.16348053538136176 15
1783425662316 -0.185344929758765 16
1783425662318 -0.2084924337755681 17
1783425662319 -0.23290758827948904 18
1783425662321 -0.2585749341182458 19
1783425662324 -0.28547901213955673 20
1783425662326 -0.3136043631911397 21
1783425662329 -0.3429355281207131 22
1783425662332 -0.37345704777599464 23
1783425662336 -0.40515346300470234 24
1783425662338 -0.4380093146545546 25
1783425662340 -0.4720091435732694 26
1783425662342 -0.5071374906085647 27
1783425662343 -0.5433788966081587 28
1783425662347 -0.5807179024197693 29
1783425662351 -0.6191390488911148 30
1783425662353 -0.6586268768699132 31
1783425662357 -0.6991659272038824 32
1783425662360 -0.7407407407407406 33
1783425662365 -0.783335858328206 34
1783425662368 -0.8269358208139965 35
1783425662371 -0.8715251690458302 36
1783425662373 -0.9170884438714253 37
1783425662376 -0.9636101861384998 38
1783425662380 -1.0110749366947716 39
1783425662383 -1.059467236387959 40
1783425662387 -1.1087716260657798 41
1783425662390 -1.1589726465759524 42
1783425662394 -1.2100548387661951 43
1783425662397 -1.2620027434842254 44
1783425662400 -1.3148009015777615 45
1783425662404 -1.3684338538945215 46
1783425662407 -1.4228861412822236 47
1783425662411 -1.4781423045885853 48
1783425662414 -1.534186884661326 49
1783425662417 -1.5910044223481628 50
1783425662420 -1.648579458496814 51
1783425662425 -1.7068965339549973 52
1783425662429 -1.7659401895704314 53
1783425662432 -1.8256949661908342 54
1783425662435 -1.8861454046639232 55
1783425662437 -1.9472760458374172 56
1783425662438 -2.0090714305590343 57
1783425662441 -2.071516099676492 58
1783425662445 -2.1345945940375084 59
1783425662448 -2.1982914544898025 60
1783425662451 -2.2625912218810904 61
1783425662455 -2.327478437059093 62
1783425662457 -2.392937640871525 63
1783425662459 -2.458953374166109 64
1783425662461 -2.525510177790558 65
1783425662465 -2.592592592592593 66
1783425662468 -2.660185159419932 67
1783425662471 -2.728272419120293 68
1783425662472 -2.796838912541393 69
1783425662475 -2.8658691805309506 70
1783425662479 -2.9353477639366843 71
1783425662481 -3.005259203606312 72
1783425662484 -3.0755880403875513 73
1783425662486 -3.146318815128122 74
1783425662490 -3.2174360686757386 75
1783425662493 -3.2889243418781233 76
1783425662495 -3.3607681755829906 77
1783425662498 -3.432952110638063 78
1783425662500 -3.5054606878910533 79
1783425662503 -3.5782784481896828 80
1783425662504 -3.6513899323816688 81
1783425662507 -3.724779681314729 82
1783425662508 -3.798432235836583 83
1783425662510 -3.872332136794947 84
1783425662513 -3.946463925037542 85
1783425662516 -4.020812141412082 86
1783425662518 -4.0953613267662865 87
1783425662521 -4.170096021947876 88
1783425662524 -4.245000767804566 89
1783425662528 -4.320060105184075 90
1783425662531 -4.39525857493412 91
1783425662534 -4.470580717902423 92
1783425662537 -4.546011074936697 93
1783425662539 -4.621534186884664 94
1783425662541 -4.69713459459404 95
1783425662543 -4.772796838912543 96
1783425662546 -4.8485054606878935 97
1783425662550 -4.924245000767805 98
1783425662553 -5.000000000000003 99
