1788264124192 0.0 0
1788264124192 6.0606060606060606 1
1788264124192 12.121212121212121 2
1788264124204 18.18181818181818 3
1788264124208 24.242424242424242 4
1788264124209 30.303030303030305 5
1788264124216 36.36363636363636 6
1788264124220 42.42424242424242 7
1788264124222 48.484848484848484 8
1788264124224 54.54545454545455 9
1788264124225 60.60606060606061 10
1788264124225 66.66666666666667 11
1788264124225 72.72727272727272 12
1788264124236 78.78787878787878 13
1788264124239 84.84848484848484 14
1788264124243 90.9090909090909 15
1788264124245 96.96969696969697 16
1788264124248 103.03030303030303 17
1788264124251 109.0909090909091 18
1788264124255 115.15151515151516 19
1788264124258 121.21212121212122 20
1788264124260 127.27272727272727 21
1788264124262 133.33333333333334 22
1788264124264 139.3939393939394 23
1788264124266 145.45454545454544 24
1788264124270 151.5151515151515 25
1788264124275 157.57575757575756 26
1788264124278 163.63636363636363 27
1788264124280 169.6969696969697 28
1788264124282 175.75757575757575 29
1788264124285 181.8181818181818 30
1788264124288 187.87878787878788 31
1788264124291 193.93939393939394 32
1788264124293 200.0 33
1788264124295 206.06060606060606 34
1788264124298 212.12121212121212 35
1788264124300 218.1818181818182 36
1788264124303 224.24242424242425 37
1788264124305 230.3030303030303 38
1788264124307 236.36363636363637 39
1788264124309 242.42424242424244 40
1788264124311 248.48484848484847 41
1788264124314 254.54545454545453 42
1788264124317 260.6060606060606 43
1788264124320 266.6666666666667 44
1788264124324 272.72727272727275 45
1788264124324 278.7878787878788 46
1788264124324 284.8484848484849 47
1788264124324 290.9090909090909 48
1788264124336 296.96969696969694 49
1788264124338 303.030303030303 50
1788264124340 309.09090909090907 51
1788264124342 315.1515151515151 52
1788264124344 321.2121212121212 53
1788264124347 327.27272727272725 54
1788264124352 333.3333333333333 55
1788264124355 339.3939393939394 56
1788264124357 345.45454545454544 57
1788264124360 351.5151515151515 58
1788264124362 357.57575757575756 59
1788264124364 363.6363636363636 60
1788264124366 369.6969696969697 61
1788264124369 375.75757575757575 62
1788264124370 381.8181818181818 63
1788264124372 387.8787878787879 64
1788264124374 393.93939393939394 65
1788264124377 400.0 66
1788264124379 406.06060606060606 67
1788264124381 412.1212121212121 68
1788264124384 418.1818181818182 69
1788264124388 424.24242424242425 70
1788264124391 430.3030303030303 71
1788264124393 436.3636363636364 72
1788264124395 442.42424242424244 73
1788264124398 448.4848484848485 74
1788264124400 454.54545454545456 75
1788264124402 460.6060606060606 76
1788264124405 466.6666666666667 77
1788264124407 472.72727272727275 78
1788264124409 478.7878787878788 79
1788264124411 484.8484848484849 80
1788264124414 490.9090909090909 81
1788264124416 496.96969696969694 82
1788264124419 503.030303030303 83
1788264124421 509.09090909090907 84
1788264124424 515.1515151515151 85
1788264124426 521.2121212121212 86
1788264124428 527.2727272727273 87
1788264124431 533.3333333333334 88
1788264124433 539.3939393939394 89
1788264124435 545.4545454545455 90
1788264124438 551.5151515151515 91
1788264124440 557.5757575757576 92
1788264124442 563.6363636363636 93
1788264124444 569.6969696969697 94
1788264124446 575.7575757575758 95
1788264124450 581.8181818181818 96
1788264124452 587.8787878787879 97
1788264124454 593.9393939393939 98
1788264124456 600.0 99
