1788256684417 0.0 0
1788256684419 6.0606060606060606 1
1788256684422 12.121212121212121 2
1788256684424 18.18181818181818 3
1788256684425 24.242424242424242 4
1788256684427 30.303030303030305 5
1788256684429 36.36363636363636 6
1788256684431 42.42424242424242 7
1788256684433 48.484848484848484 8
1788256684437 54.54545454545455 9
1788256684439 60.60606060606061 10
1788256684442 66.66666666666667 11
1788256684445 72.72727272727272 12
1788256684446 78.78787878787878 13
1788256684448 84.84848484848484 14
1788256684451 90.9090909090909 15
1788256684451 96.96969696969697 16
1788256684451 103.03030303030303 17
1788256684461 109.0909090909091 18
1788256684465 115.15151515151516 19
1788256684469 121.21212121212122 20
1788256684471 127.27272727272727 21
1788256684473 133.33333333333334 22
1788256684475 139.3939393939394 23
1788256684477 145.45454545454544 24
1788256684479 151.5151515151515 25
1788256684481 157.57575757575756 26
1788256684484 163.63636363636363 27
1788256684486 169.6969696969697 28
1788256684489 175.75757575757575 29
1788256684491 181.8181818181818 30
1788256684493 187.87878787878788 31
1788256684494 193.93939393939394 32
1788256684497 200.0 33
1788256684500 206.06060606060606 34
1788256684501 212.12121212121212 35
1788256684501 218.1818181818182 36
1788256684501 224.24242424242425 37
1788256684510 230.3030303030303 38
1788256684515 236.36363636363637 39
1788256684519 242.42424242424244 40
1788256684521 248.48484848484847 41
1788256684524 254.54545454545453 42
1788256684526 260.6060606060606 43
1788256684528 266.6666666666667 44
1788256684530 272.72727272727275 45
1788256684532 278.7878787878788 46
1788256684539 284.8484848484849 47
1788256684541 290.9090909090909 48
1788256684545 296.96969696969694 49
1788256684548 303.030303030303 50
1788256684552 309.09090909090907 51
1788256684554 315.1515151515151 52
1788256684554 321.2121212121212 53
1788256684554 327.27272727272725 54
1788256684554 333.3333333333333 55
1788256684554 339.3939393939394 56
1788256684568 345.45454545454544 57
1788256684571 351.5151515151515 58
1788256684573 357.57575757575756 59
1788256684575 363.6363636363636 60
1788256684577 369.6969696969697 61
1788256684579 375.75757575757575 62
1788256684581 381.8181818181818 63
1788256684583 387.8787878787879 64
1788256684586 393.93939393939394 65
1788256684589 400.0 66
1788256684593 406.06060606060606 67
1788256684598 412.1212121212121 68
1788256684600 418.1818181818182 69
1788256684600 424.24242424242425 70
1788256684600 430.3030303030303 71
1788256684610 436.3636363636364 72
1788256684610 442.42424242424244 73
1788256684617 448.4848484848485 74
1788256684618 454.54545454545456 75
1788256684618 460.6060606060606 76
1788256684618 466.6666666666667 77
1788256684618 472.72727272727275 78
1788256684618 478.7878787878788 79
1788256684633 484.8484848484849 80
1788256684636 490.9090909090909 81
1788256684638 496.96969696969694 82
1788256684640 503.030303030303 83
1788256684642 509.09090909090907 84
1788256684644 515.1515151515151 85
1788256684646 521.2121212121212 86
1788256684650 527.2727272727273 87
1788256684651 533.3333333333334 88
1788256684651 539.3939393939394 89
1788256684661 545.4545454545455 90
1788256684673 551.5151515151515 91
1788256684677 557.5757575757576 92
1788256684682 563.6363636363636 93
1788256684686 569.6969696969697 94
1788256684691 575.7575757575758 95
1788256684695 581.8181818181818 96
1788256684700 587.8787878787879 97
1788256684700 593.9393939393939 98
1788256684700 600.0 99
