1788256684151 0.0 0
1788256684156 -0.0007626515125749892 1
1788256684156 -0.0030402999487786743 2
1788256684162 -0.006817486156329138 3
1788256684164 -0.01207875098294446 4
1788256684167 -0.01880863527634271 5
1788256684167 -0.02699167988424193 6
1788256684167 -0.03661242565436023 7
1788256684167 -0.04765541343441567 8
1788256684167 -0.06010518407212631 9
1788256684167 -0.07394627841521022 10
1788256684185 -0.08916323731138552 11
1788256684189 -0.10574060160837022 12
1788256684192 -0.12366291215388246 13
1788256684195 -0.1429147097956403 14
1788256684197 -0.16348053538136176 15
1788256684200 -0.185344929758765 16
1788256684201 -0.2084924337755681 17
1788256684201 -0.23290758827948904 18
1788256684201 -0.2585749341182458 19
1788256684213 -0.28547901213955673 20
1788256684217 -0.3136043631911397 21
1788256684219 -0.3429355281207131 22
1788256684221 -0.37345704777599464 23
1788256684223 -0.40515346300470234 24
1788256684225 -0.4380093146545546 25
1788256684227 -0.4720091435732694 26
1788256684229 -0.5071374906085647 27
1788256684231 -0.5433788966081587 28
1788256684234 -0.5807179024197693 29
1788256684237 -0.6191390488911148 30
1788256684239 -0.6586268768699132 31
1788256684242 -0.6991659272038824 32
1788256684244 -0.7407407407407406 33
1788256684245 -0.783335858328206 34
1788256684248 -0.8269358208139965 35
1788256684250 -0.8715251690458302 36
1788256684251 -0.9170884438714253 37
1788256684253 -0.9636101861384998 38
1788256684253 -1.0110749366947716 39
1788256684253 -1.059467236387959 40
1788256684261 -1.1087716260657798 41
1788256684263 -1.1589726465759524 42
1788256684267 -1.2100548387661951 43
1788256684267 -1.2620027434842254 44
1788256684267 -1.3148009015777615 45
1788256684267 -1.3684338538945215 46
1788256684267 -1.4228861412822236 47
1788256684283 -1.4781423045885853 48
1788256684285 -1.534186884661326 49
1788256684287 -1.5910044223481628 50
1788256684290 -1.648579458496814 51
1788256684292 -1.7068965339549973 52
1788256684294 -1.7659401895704314 53
1788256684296 -1.8256949661908342 54
1788256684298 -1.8861454046639232 55
1788256684301 -1.9472760458374172 56
1788256684301 -2.0090714305590343 57
1788256684301 -2.071516099676492 58
1788256684310 -2.1345945940375084 59
1788256684310 -2.1982914544898025 60
1788256684313 -2.2625912218810904 61
1788256684318 -2.327478437059093 62
1788256684320 -2.392937640871525 63
1788256684322 -2.458953374166109 64
1788256684324 -2.525510177790558 65
1788256684327 -2.592592592592593 66
1788256684330 -2.660185159419932 67
1788256684335 -2.728272419120293 68
1788256684339 -2.796838912541393 69
1788256684342 -2.8658691805309506 70
1788256684345 -2.9353477639366843 71
1788256684348 -3.005259203606312 72
1788256684350 -3.0755880403875513 73
1788256684350 -3.146318815128122 74
1788256684350 -3.2174360686757386 75
1788256684350 -3.2889243418781233 76
1788256684350 -3.3607681755829906 77
1788256684364 -3.432952110638063 78
1788256684368 -3.5054606878910533 79
1788256684370 -3.5782784481896828 80
1788256684372 -3.6513899323816688 81
1788256684376 -3.724779681314729 82
1788256684378 -3.798432235836583 83
1788256684380 -3.872332136794947 84
1788256684382 -3.946463925037542 85
1788256684384 -4.020812141412082 86
1788256684386 -4.0953613267662865 87
1788256684388 -4.170096021947876 88
1788256684391 -4.245000767804566 89
1788256684393 -4.320060105184075 90
1788256684394 -4.39525857493412 91
1788256684397 -4.470580717902423 92
1788256684399 -4.546011074936697 93
1788256684401 -4.621534186884664 94
1788256684401 -4.69713459459404 95
1788256684406 -4.772796838912543 96
1788256684410 -4.8485054606878935 97
1788256684410 -4.924245000767805 98
1788256684414 -5.000000000000003 99
