1783445993076 0.0 0
1783445993080 -0.0007626515125749894 1
1783445993086 -0.0030402999487786735 2
1783445993091 -0.0068174861563291365 3
1783445993095 -0.01207875098294446 4
1783445993099 -0.018808635276342703 5
1783445993103 -0.026991679884241934 6
1783445993107 -0.03661242565436024 7
1783445993112 -0.04765541343441568 8
1783445993117 -0.06010518407212633 9
1783445993122 -0.07394627841521026 10
1783445993127 -0.08916323731138556 11
1783445993132 -0.10574060160837027 12
1783445993137 -0.12366291215388252 13
1783445993141 -0.14291470979564042 14
1783445993146 -0.16348053538136192 15
1783445993151 -0.1853449297587652 16
1783445993156 -0.2084924337755684 17
1783445993161 -0.2329075882794894 18
1783445993167 -0.25857493411824567 19
1783445993172 -0.2854790121395566 20
1783445993176 -0.31360436319113966 21
1783445993180 -0.342935528120713 22
1783445993184 -0.37345704777599453 23
1783445993188 -0.40515346300470223 24
1783445993192 -0.4380093146545545 25
1783445993197 -0.4720091435732693 26
1783445993202 -0.5071374906085646 27
1783445993206 -0.5433788966081585 28
1783445993210 -0.5807179024197692 29
1783445993215 -0.6191390488911146 30
1783445993220 -0.6586268768699131 31
1783445993227 -0.6991659272038822 32
1783445993234 -0.7407407407407405 33
1783445993239 -0.7833358583282057 34
1783445993245 -0.8269358208139963 35
1783445993250 -0.8715251690458299 36
1783445993255 -0.9170884438714251 37
1783445993260 -0.9636101861384994 38
1783445993265 -1.011074936694771 39
1783445993271 -1.0594672363879587 40
1783445993277 -1.1087716260657796 41
1783445993283 -1.158972646575952 42
1783445993288 -1.2100548387661947 43
1783445993293 -1.2620027434842251 44
1783445993297 -1.3148009015777613 45
1783445993302 -1.3684338538945213 46
1783445993305 -1.4228861412822233 47
1783445993309 -1.478142304588585 48
1783445993332 -1.5341868846613258 49
1783445993347 -1.5910044223481623 50
1783445993351 -1.6485794584968136 51
1783445993356 -1.706896533954997 52
1783445993361 -1.7659401895704312 53
1783445993367 -1.825694966190834 54
1783445993378 -1.8861454046639228 55
1783445993384 -1.9472760458374172 56
1783445993389 -2.009071430559034 57
1783445993396 -2.0715160996764914 58
1783445993401 -2.1345945940375084 59
1783445993406 -2.198291454489802 60
1783445993411 -2.26259122188109 61
1783445993416 -2.3274784370590926 62
1783445993420 -2.3929376408715246 63
1783445993426 -2.458953374166108 64
1783445993431 -2.5255101777905575 65
1783445993436 -2.592592592592593 66
1783445993440 -2.6601851594199317 67
1783445993447 -2.728272419120293 68
1783445993451 -2.7968389125413924 69
1783445993456 -2.865869180530951 70
1783445993460 -2.935347763936684 71
1783445993465 -3.0052592036063115 72
1783445993469 -3.0755880403875513 73
1783445993474 -3.146318815128122 74
1783445993479 -3.2174360686757386 75
1783445993484 -3.2889243418781238 76
1783445993488 -3.360768175582991 77
1783445993494 -3.432952110638063 78
1783445993499 -3.5054606878910537 79
1783445993503 -3.5782784481896845 80
1783445993509 -3.651389932381669 81
1783445993514 -3.72477968131473 82
1783445993519 -3.7984322358365845 83
1783445993523 -3.8723321367949484 84
1783445993527 -3.9464639250375426 85
1783445993531 -4.020812141412083 86
1783445993535 -4.095361326766288 87
1783445993539 -4.170096021947878 88
1783445993545 -4.245000767804566 89
1783445993549 -4.320060105184077 90
1783445993551 -4.395258574934122 91
1783445993556 -4.470580717902425 92
1783445993561 -4.546011074936699 93
1783445993567 -4.621534186884666 94
1783445993574 -4.697134594594043 95
1783445993579 -4.772796838912546 96
1783445993583 -4.848505460687897 97
1783445993587 -4.924245000767809 98
1783445993591 -5.000000000000006 99
