1783445993598 0.0 0
1783445993602 6.0606060606060606 1
1783445993606 12.121212121212121 2
1783445993610 18.18181818181818 3
1783445993614 24.242424242424242 4
1783445993618 30.303030303030305 5
1783445993622 36.36363636363636 6
1783445993625 42.42424242424242 7
1783445993629 48.484848484848484 8
1783445993634 54.54545454545455 9
1783445993638 60.60606060606061 10
1783445993642 66.66666666666667 11
1783445993646 72.72727272727272 12
1783445993649 78.78787878787878 13
1783445993652 84.84848484848484 14
1783445993655 90.9090909090909 15
1783445993658 96.96969696969697 16
1783445993663 103.03030303030303 17
1783445993668 109.0909090909091 18
1783445993671 115.15151515151516 19
1783445993674 121.21212121212122 20
1783445993677 127.27272727272727 21
1783445993681 133.33333333333334 22
1783445993686 139.3939393939394 23
1783445993689 145.45454545454544 24
1783445993694 151.5151515151515 25
1783445993699 157.57575757575756 26
1783445993700 163.63636363636363 27
1783445993704 169.6969696969697 28
1783445993706 175.75757575757575 29
1783445993711 181.8181818181818 30
1783445993715 187.87878787878788 31
1783445993718 193.93939393939394 32
1783445993721 200.0 33
1783445993723 206.06060606060606 34
1783445993726 212.12121212121212 35
1783445993731 218.1818181818182 36
1783445993734 224.24242424242425 37
1783445993738 230.3030303030303 38
1783445993743 236.36363636363637 39
1783445993747 242.42424242424244 40
1783445993749 248.48484848484847 41
1783445993752 254.54545454545453 42
1783445993755 260.6060606060606 43
1783445993759 266.6666666666667 44
1783445993763 272.72727272727275 45
1783445993767 278.7878787878788 46
1783445993771 284.8484848484849 47
1783445993775 290.9090909090909 48
1783445993780 296.96969696969694 49
1783445993784 303.030303030303 50
1783445993788 309.09090909090907 51
1783445993792 315.1515151515151 52
1783445993795 321.2121212121212 53
1783445993799 327.27272727272725 54
1783445993803 333.3333333333333 55
1783445993807 339.3939393939394 56
1783445993812 345.45454545454544 57
1783445993816 351.5151515151515 58
1783445993820 357.57575757575756 59
1783445993825 363.6363636363636 60
1783445993829 369.6969696969697 61
1783445993833 375.75757575757575 62
1783445993836 381.8181818181818 63
1783445993839 387.8787878787879 64
1783445993842 393.93939393939394 65
1783445993846 400.0 66
1783445993851 406.06060606060606 67
1783445993855 412.1212121212121 68
1783445993859 418.1818181818182 69
1783445993862 424.24242424242425 70
1783445993864 430.3030303030303 71
1783445993867 436.3636363636364 72
1783445993872 442.42424242424244 73
1783445993877 448.4848484848485 74
1783445993881 454.54545454545456 75
1783445993886 460.6060606060606 76
1783445993890 466.6666666666667 77
1783445993895 472.72727272727275 78
1783445993899 478.7878787878788 79
1783445993903 484.8484848484849 80
1783445993906 490.9090909090909 81
1783445993910 496.96969696969694 82
1783445993915 503.030303030303 83
1783445993920 509.09090909090907 84
1783445993925 515.1515151515151 85
1783445993929 521.2121212121212 86
1783445993934 527.2727272727273 87
1783445993938 533.3333333333334 88
1783445993942 539.3939393939394 89
1783445993947 545.4545454545455 90
1783445993952 551.5151515151515 91
1783445993956 557.5757575757576 92
1783445993960 563.6363636363636 93
1783445993965 569.6969696969697 94
1783445993970 575.7575757575758 95
1783445993974 581.8181818181818 96
1783445993979 587.8787878787879 97
1783445993983 593.9393939393939 98
1783445993989 600.0 99
