1788468883642 0.0 0
1788468883646 -0.0007626515125749894 1
1788468883653 -0.0030402999487786735 2
1788468883653 -0.0068174861563291365 3
1788468883661 -0.01207875098294446 4
1788468883664 -0.018808635276342703 5
1788468883671 -0.026991679884241934 6
1788468883676 -0.03661242565436024 7
1788468883683 -0.04765541343441568 8
1788468883683 -0.06010518407212633 9
1788468883692 -0.07394627841521026 10
1788468883696 -0.08916323731138556 11
1788468883704 -0.10574060160837027 12
1788468883711 -0.12366291215388252 13
1788468883717 -0.14291470979564042 14
1788468883722 -0.16348053538136192 15
1788468883728 -0.1853449297587652 16
1788468883735 -0.2084924337755684 17
1788468883740 -0.2329075882794894 18
1788468883742 -0.25857493411824567 19
1788468883749 -0.2854790121395566 20
1788468883756 -0.31360436319113966 21
1788468883760 -0.342935528120713 22
1788468883760 -0.37345704777599453 23
1788468883768 -0.40515346300470223 24
1788468883768 -0.4380093146545545 25
1788468883781 -0.4720091435732693 26
1788468883787 -0.5071374906085646 27
1788468883793 -0.5433788966081585 28
1788468883795 -0.5807179024197692 29
1788468883799 -0.6191390488911146 30
1788468883801 -0.6586268768699131 31
1788468883804 -0.6991659272038822 32
1788468883804 -0.7407407407407405 33
1788468883813 -0.7833358583282057 34
1788468883817 -0.8269358208139963 35
1788468883819 -0.8715251690458299 36
1788468883823 -0.9170884438714251 37
1788468883827 -0.9636101861384994 38
1788468883831 -1.011074936694771 39
1788468883833 -1.0594672363879587 40
1788468883837 -1.1087716260657796 41
1788468883841 -1.158972646575952 42
1788468883843 -1.2100548387661947 43
1788468883849 -1.2620027434842251 44
1788468883854 -1.3148009015777613 45
1788468883858 -1.3684338538945213 46
1788468883860 -1.4228861412822233 47
1788468883860 -1.478142304588585 48
1788468883873 -1.5341868846613258 49
1788468883880 -1.5910044223481623 50
1788468883888 -1.6485794584968136 51
1788468883892 -1.706896533954997 52
1788468883892 -1.7659401895704312 53
1788468883908 -1.825694966190834 54
1788468883908 -1.8861454046639228 55
1788468883908 -1.9472760458374172 56
1788468883908 -2.009071430559034 57
1788468883908 -2.0715160996764914 58
1788468883926 -2.1345945940375084 59
1788468883930 -2.198291454489802 60
1788468883931 -2.26259122188109 61
1788468883931 -2.3274784370590926 62
1788468883939 -2.3929376408715246 63
1788468883939 -2.458953374166108 64
1788468883939 -2.5255101777905575 65
1788468883939 -2.592592592592593 66
1788468883939 -2.6601851594199317 67
1788468883955 -2.728272419120293 68
1788468883959 -2.7968389125413924 69
1788468883961 -2.865869180530951 70
1788468883965 -2.935347763936684 71
1788468883967 -3.0052592036063115 72
1788468883971 -3.0755880403875513 73
1788468883974 -3.146318815128122 74
1788468883979 -3.2174360686757386 75
1788468883981 -3.2889243418781238 76
1788468883985 -3.360768175582991 77
1788468883990 -3.432952110638063 78
1788468883995 -3.5054606878910537 79
1788468884003 -3.5782784481896845 80
1788468884007 -3.651389932381669 81
1788468884013 -3.72477968131473 82
1788468884019 -3.7984322358365845 83
1788468884025 -3.8723321367949484 84
1788468884031 -3.9464639250375426 85
1788468884032 -4.020812141412083 86
1788468884041 -4.095361326766288 87
1788468884041 -4.170096021947878 88
1788468884052 -4.245000767804566 89
1788468884058 -4.320060105184077 90
1788468884058 -4.395258574934122 91
1788468884066 -4.470580717902425 92
1788468884066 -4.546011074936699 93
1788468884076 -4.621534186884666 94
1788468884083 -4.697134594594043 95
1788468884083 -4.772796838912546 96
1788468884091 -4.848505460687897 97
1788468884094 -4.924245000767809 98
1788468884094 -5.000000000000006 99
