1788468884094 0.0 0
1788468884108 6.0606060606060606 1
1788468884110 12.121212121212121 2
1788468884121 18.18181818181818 3
1788468884126 24.242424242424242 4
1788468884133 30.303030303030305 5
1788468884139 36.36363636363636 6
1788468884141 42.42424242424242 7
1788468884141 48.484848484848484 8
1788468884149 54.54545454545455 9
1788468884156 60.60606060606061 10
1788468884161 66.66666666666667 11
1788468884165 72.72727272727272 12
1788468884169 78.78787878787878 13
1788468884169 84.84848484848484 14
1788468884175 90.9090909090909 15
1788468884181 96.96969696969697 16
1788468884185 103.03030303030303 17
1788468884191 109.0909090909091 18
1788468884193 115.15151515151516 19
1788468884197 121.21212121212122 20
1788468884205 127.27272727272727 21
1788468884211 133.33333333333334 22
1788468884218 139.3939393939394 23
1788468884223 145.45454545454544 24
1788468884228 151.5151515151515 25
1788468884232 157.57575757575756 26
1788468884234 163.63636363636363 27
1788468884240 169.6969696969697 28
1788468884242 175.75757575757575 29
1788468884250 181.8181818181818 30
1788468884252 187.87878787878788 31
1788468884258 193.93939393939394 32
1788468884263 200.0 33
1788468884267 206.06060606060606 34
1788468884274 212.12121212121212 35
1788468884278 218.1818181818182 36
1788468884283 224.24242424242425 37
1788468884288 230.3030303030303 38
1788468884294 236.36363636363637 39
1788468884298 242.42424242424244 40
1788468884302 248.48484848484847 41
1788468884305 254.54545454545453 42
1788468884310 260.6060606060606 43
1788468884314 266.6666666666667 44
1788468884318 272.72727272727275 45
1788468884322 278.7878787878788 46
1788468884326 284.8484848484849 47
1788468884330 290.9090909090909 48
1788468884336 296.96969696969694 49
1788468884341 303.030303030303 50
1788468884346 309.09090909090907 51
1788468884351 315.1515151515151 52
1788468884351 321.2121212121212 53
1788468884358 327.27272727272725 54
1788468884358 333.3333333333333 55
1788468884365 339.3939393939394 56
1788468884370 345.45454545454544 57
1788468884376 351.5151515151515 58
1788468884379 357.57575757575756 59
1788468884384 363.6363636363636 60
1788468884393 369.6969696969697 61
1788468884393 375.75757575757575 62
1788468884401 381.8181818181818 63
1788468884406 387.8787878787879 64
1788468884412 393.93939393939394 65
1788468884418 400.0 66
1788468884424 406.06060606060606 67
1788468884429 412.1212121212121 68
1788468884435 418.1818181818182 69
1788468884435 424.24242424242425 70
1788468884441 430.3030303030303 71
1788468884447 436.3636363636364 72
1788468884447 442.42424242424244 73
1788468884459 448.4848484848485 74
1788468884459 454.54545454545456 75
1788468884459 460.6060606060606 76
1788468884459 466.6666666666667 77
1788468884471 472.72727272727275 78
1788468884475 478.7878787878788 79
1788468884482 484.8484848484849 80
1788468884487 490.9090909090909 81
1788468884492 496.96969696969694 82
1788468884495 503.030303030303 83
1788468884495 509.09090909090907 84
1788468884504 515.1515151515151 85
1788468884508 521.2121212121212 86
1788468884509 527.2727272727273 87
1788468884509 533.3333333333334 88
1788468884509 539.3939393939394 89
1788468884520 545.4545454545455 90
1788468884520 551.5151515151515 91
1788468884520 557.5757575757576 92
1788468884530 563.6363636363636 93
1788468884530 569.6969696969697 94
1788468884536 575.7575757575758 95
1788468884540 581.8181818181818 96
1788468884544 587.8787878787879 97
1788468884546 593.9393939393939 98
1788468884550 600.0 99
