1783517386788 0.0 0
1783517386791 -0.0007626515125749892 1
1783517386795 -0.0030402999487786743 2
1783517386797 -0.006817486156329138 3
1783517386797 -0.01207875098294446 4
1783517386797 -0.01880863527634271 5
1783517386808 -0.02699167988424193 6
1783517386811 -0.03661242565436023 7
1783517386815 -0.04765541343441567 8
1783517386818 -0.06010518407212631 9
1783517386821 -0.07394627841521022 10
1783517386824 -0.08916323731138552 11
1783517386827 -0.10574060160837022 12
1783517386830 -0.12366291215388246 13
1783517386833 -0.1429147097956403 14
1783517386836 -0.16348053538136176 15
1783517386840 -0.185344929758765 16
1783517386843 -0.2084924337755681 17
1783517386845 -0.23290758827948904 18
1783517386845 -0.2585749341182458 19
1783517386845 -0.28547901213955673 20
1783517386845 -0.3136043631911397 21
1783517386861 -0.3429355281207131 22
1783517386864 -0.37345704777599464 23
1783517386867 -0.40515346300470234 24
1783517386871 -0.4380093146545546 25
1783517386874 -0.4720091435732694 26
1783517386879 -0.5071374906085647 27
1783517386882 -0.5433788966081587 28
1783517386886 -0.5807179024197693 29
1783517386890 -0.6191390488911148 30
1783517386892 -0.6586268768699132 31
1783517386895 -0.6991659272038824 32
1783517386900 -0.7407407407407406 33
1783517386900 -0.783335858328206 34
1783517386900 -0.8269358208139965 35
1783517386911 -0.8715251690458302 36
1783517386915 -0.9170884438714253 37
1783517386918 -0.9636101861384998 38
1783517386921 -1.0110749366947716 39
1783517386924 -1.059467236387959 40
1783517386927 -1.1087716260657798 41
1783517386931 -1.1589726465759524 42
1783517386934 -1.2100548387661951 43
1783517386937 -1.2620027434842254 44
1783517386940 -1.3148009015777615 45
1783517386943 -1.3684338538945215 46
1783517386948 -1.4228861412822236 47
1783517386950 -1.4781423045885853 48
1783517386954 -1.534186884661326 49
1783517386956 -1.5910044223481628 50
1783517386960 -1.648579458496814 51
1783517386964 -1.7068965339549973 52
1783517386967 -1.7659401895704314 53
1783517386970 -1.8256949661908342 54
1783517386973 -1.8861454046639232 55
1783517386976 -1.9472760458374172 56
1783517386980 -2.0090714305590343 57
1783517386984 -2.071516099676492 58
1783517386986 -2.1345945940375084 59
1783517386990 -2.1982914544898025 60
1783517386993 -2.2625912218810904 61
1783517386995 -2.327478437059093 62
1783517386999 -2.392937640871525 63
1783517387003 -2.458953374166109 64
1783517387007 -2.525510177790558 65
1783517387011 -2.592592592592593 66
1783517387015 -2.660185159419932 67
1783517387018 -2.728272419120293 68
1783517387021 -2.796838912541393 69
1783517387024 -2.8658691805309506 70
1783517387026 -2.9353477639366843 71
1783517387031 -3.005259203606312 72
1783517387034 -3.0755880403875513 73
1783517387037 -3.146318815128122 74
1783517387039 -3.2174360686757386 75
1783517387042 -3.2889243418781233 76
1783517387045 -3.3607681755829906 77
1783517387045 -3.432952110638063 78
1783517387045 -3.5054606878910533 79
1783517387055 -3.5782784481896828 80
1783517387057 -3.6513899323816688 81
1783517387057 -3.724779681314729 82
1783517387063 -3.798432235836583 83
1783517387066 -3.872332136794947 84
1783517387069 -3.946463925037542 85
1783517387072 -4.020812141412082 86
1783517387073 -4.0953613267662865 87
1783517387076 -4.170096021947876 88
1783517387080 -4.245000767804566 89
1783517387082 -4.320060105184075 90
1783517387083 -4.39525857493412 91
1783517387086 -4.470580717902423 92
1783517387090 -4.546011074936697 93
1783517387092 -4.621534186884664 94
1783517387095 -4.69713459459404 95
1783517387095 -4.772796838912543 96
1783517387095 -4.8485054606878935 97
1783517387103 -4.924245000767805 98
1783517387107 -5.000000000000003 99
