1783517387107 0.0 0
1783517387112 6.0606060606060606 1
1783517387117 12.121212121212121 2
1783517387121 18.18181818181818 3
1783517387124 24.242424242424242 4
1783517387128 30.303030303030305 5
1783517387131 36.36363636363636 6
1783517387134 42.42424242424242 7
1783517387136 48.484848484848484 8
1783517387139 54.54545454545455 9
1783517387142 60.60606060606061 10
1783517387145 66.66666666666667 11
1783517387149 72.72727272727272 12
1783517387151 78.78787878787878 13
1783517387155 84.84848484848484 14
1783517387157 90.9090909090909 15
1783517387157 96.96969696969697 16
1783517387163 103.03030303030303 17
1783517387168 109.0909090909091 18
1783517387171 115.15151515151516 19
1783517387174 121.21212121212122 20
1783517387178 127.27272727272727 21
1783517387181 133.33333333333334 22
1783517387184 139.3939393939394 23
1783517387187 145.45454545454544 24
1783517387189 151.5151515151515 25
1783517387192 157.57575757575756 26
1783517387195 163.63636363636363 27
1783517387195 169.6969696969697 28
1783517387203 175.75757575757575 29
1783517387205 181.8181818181818 30
1783517387209 187.87878787878788 31
1783517387213 193.93939393939394 32
1783517387216 200.0 33
1783517387219 206.06060606060606 34
1783517387222 212.12121212121212 35
1783517387225 218.1818181818182 36
1783517387229 224.24242424242425 37
1783517387232 230.3030303030303 38
1783517387235 236.36363636363637 39
1783517387238 242.42424242424244 40
1783517387241 248.48484848484847 41
1783517387245 254.54545454545453 42
1783517387247 260.6060606060606 43
1783517387251 266.6666666666667 44
1783517387253 272.72727272727275 45
1783517387255 278.7878787878788 46
1783517387255 284.8484848484849 47
1783517387263 290.9090909090909 48
1783517387266 296.96969696969694 49
1783517387269 303.030303030303 50
1783517387272 309.09090909090907 51
1783517387274 315.1515151515151 52
1783517387277 321.2121212121212 53
1783517387282 327.27272727272725 54
1783517387285 333.3333333333333 55
1783517387289 339.3939393939394 56
1783517387293 345.45454545454544 57
1783517387295 351.5151515151515 58
1783517387300 357.57575757575756 59
1783517387302 363.6363636363636 60
1783517387302 369.6969696969697 61
1783517387307 375.75757575757575 62
1783517387309 381.8181818181818 63
1783517387313 387.8787878787879 64
1783517387318 393.93939393939394 65
1783517387322 400.0 66
1783517387325 406.06060606060606 67
1783517387328 412.1212121212121 68
1783517387331 418.1818181818182 69
1783517387334 424.24242424242425 70
1783517387337 430.3030303030303 71
1783517387340 436.3636363636364 72
1783517387342 442.42424242424244 73
1783517387345 448.4848484848485 74
1783517387345 454.54545454545456 75
1783517387345 460.6060606060606 76
1783517387345 466.6666666666667 77
1783517387357 472.72727272727275 78
1783517387361 478.7878787878788 79
1783517387364 484.8484848484849 80
1783517387367 490.9090909090909 81
1783517387370 496.96969696969694 82
1783517387373 503.030303030303 83
1783517387376 509.09090909090907 84
1783517387380 515.1515151515151 85
1783517387383 521.2121212121212 86
1783517387387 527.2727272727273 87
1783517387390 533.3333333333334 88
1783517387393 539.3939393939394 89
1783517387395 545.4545454545455 90
1783517387395 551.5151515151515 91
1783517387404 557.5757575757576 92
1783517387406 563.6363636363636 93
1783517387410 569.6969696969697 94
1783517387413 575.7575757575758 95
1783517387417 581.8181818181818 96
1783517387420 587.8787878787879 97
1783517387423 593.9393939393939 98
1783517387425 600.0 99
