1784898009005 0.0 0
1784898009005 6.0606060606060606 1
1784898009010 12.121212121212121 2
1784898009010 18.18181818181818 3
1784898009018 24.242424242424242 4
1784898009018 30.303030303030305 5
1784898009023 36.36363636363636 6
1784898009023 42.42424242424242 7
1784898009023 48.484848484848484 8
1784898009034 54.54545454545455 9
1784898009037 60.60606060606061 10
1784898009043 66.66666666666667 11
1784898009043 72.72727272727272 12
1784898009053 78.78787878787878 13
1784898009055 84.84848484848484 14
1784898009055 90.9090909090909 15
1784898009061 96.96969696969697 16
1784898009061 103.03030303030303 17
1784898009068 109.0909090909091 18
1784898009073 115.15151515151516 19
1784898009073 121.21212121212122 20
1784898009085 127.27272727272727 21
1784898009088 133.33333333333334 22
1784898009088 139.3939393939394 23
1784898009096 145.45454545454544 24
1784898009102 151.5151515151515 25
1784898009104 157.57575757575756 26
1784898009106 163.63636363636363 27
1784898009106 169.6969696969697 28
1784898009111 175.75757575757575 29
1784898009111 181.8181818181818 30
1784898009118 187.87878787878788 31
1784898009118 193.93939393939394 32
1784898009118 200.0 33
1784898009118 206.06060606060606 34
1784898009118 212.12121212121212 35
1784898009133 218.1818181818182 36
1784898009134 224.24242424242425 37
1784898009134 230.3030303030303 38
1784898009143 236.36363636363637 39
1784898009143 242.42424242424244 40
1784898009143 248.48484848484847 41
1784898009153 254.54545454545453 42
1784898009156 260.6060606060606 43
1784898009156 266.6666666666667 44
1784898009162 272.72727272727275 45
1784898009162 278.7878787878788 46
1784898009168 284.8484848484849 47
1784898009168 290.9090909090909 48
1784898009168 296.96969696969694 49
1784898009168 303.030303030303 50
1784898009168 309.09090909090907 51
1784898009168 315.1515151515151 52
1784898009184 321.2121212121212 53
1784898009191 327.27272727272725 54
1784898009195 333.3333333333333 55
1784898009199 339.3939393939394 56
1784898009201 345.45454545454544 57
1784898009207 351.5151515151515 58
1784898009207 357.57575757575756 59
1784898009212 363.6363636363636 60
1784898009212 369.6969696969697 61
1784898009218 375.75757575757575 62
1784898009222 381.8181818181818 63
1784898009226 387.8787878787879 64
1784898009230 393.93939393939394 65
1784898009234 400.0 66
1784898009234 406.06060606060606 67
1784898009234 412.1212121212121 68
1784898009243 418.1818181818182 69
1784898009243 424.24242424242425 70
1784898009251 430.3030303030303 71
1784898009257 436.3636363636364 72
1784898009257 442.42424242424244 73
1784898009263 448.4848484848485 74
1784898009269 454.54545454545456 75
1784898009269 460.6060606060606 76
1784898009279 466.6666666666667 77
1784898009283 472.72727272727275 78
1784898009285 478.7878787878788 79
1784898009285 484.8484848484849 80
1784898009292 490.9090909090909 81
1784898009300 496.96969696969694 82
1784898009301 503.030303030303 83
1784898009307 509.09090909090907 84
1784898009307 515.1515151515151 85
1784898009313 521.2121212121212 86
1784898009318 527.2727272727273 87
1784898009318 533.3333333333334 88
1784898009327 539.3939393939394 89
1784898009331 545.4545454545455 90
1784898009334 551.5151515151515 91
1784898009341 557.5757575757576 92
1784898009343 563.6363636363636 93
1784898009351 569.6969696969697 94
1784898009356 575.7575757575758 95
1784898009360 581.8181818181818 96
1784898009363 587.8787878787879 97
1784898009368 593.9393939393939 98
1784898009368 600.0 99
