1784898008667 0.0 0
1784898008668 -0.0007626515125749894 1
1784898008668 -0.0030402999487786735 2
1784898008668 -0.0068174861563291365 3
1784898008668 -0.01207875098294446 4
1784898008684 -0.018808635276342703 5
1784898008684 -0.026991679884241934 6
1784898008684 -0.03661242565436024 7
1784898008684 -0.04765541343441568 8
1784898008695 -0.06010518407212633 9
1784898008695 -0.07394627841521026 10
1784898008703 -0.08916323731138556 11
1784898008703 -0.10574060160837027 12
1784898008708 -0.12366291215388252 13
1784898008708 -0.14291470979564042 14
1784898008708 -0.16348053538136192 15
1784898008718 -0.1853449297587652 16
1784898008718 -0.2084924337755684 17
1784898008718 -0.2329075882794894 18
1784898008718 -0.25857493411824567 19
1784898008718 -0.2854790121395566 20
1784898008718 -0.31360436319113966 21
1784898008734 -0.342935528120713 22
1784898008734 -0.37345704777599453 23
1784898008742 -0.40515346300470223 24
1784898008742 -0.4380093146545545 25
1784898008751 -0.4720091435732693 26
1784898008754 -0.5071374906085646 27
1784898008758 -0.5433788966081585 28
1784898008758 -0.5807179024197692 29
1784898008758 -0.6191390488911146 30
1784898008766 -0.6586268768699131 31
1784898008768 -0.6991659272038822 32
1784898008768 -0.7407407407407405 33
1784898008768 -0.7833358583282057 34
1784898008768 -0.8269358208139963 35
1784898008785 -0.8715251690458299 36
1784898008787 -0.9170884438714251 37
1784898008787 -0.9636101861384994 38
1784898008795 -1.011074936694771 39
1784898008802 -1.0594672363879587 40
1784898008804 -1.1087716260657796 41
1784898008809 -1.158972646575952 42
1784898008811 -1.2100548387661947 43
1784898008811 -1.2620027434842251 44
1784898008817 -1.3148009015777613 45
1784898008818 -1.3684338538945213 46
1784898008818 -1.4228861412822233 47
1784898008818 -1.478142304588585 48
1784898008818 -1.5341868846613258 49
1784898008818 -1.5910044223481623 50
1784898008833 -1.6485794584968136 51
1784898008835 -1.706896533954997 52
1784898008837 -1.7659401895704312 53
1784898008837 -1.825694966190834 54
1784898008842 -1.8861454046639228 55
1784898008842 -1.9472760458374172 56
1784898008842 -2.009071430559034 57
1784898008852 -2.0715160996764914 58
1784898008854 -2.1345945940375084 59
1784898008854 -2.198291454489802 60
1784898008859 -2.26259122188109 61
1784898008859 -2.3274784370590926 62
1784898008867 -2.3929376408715246 63
1784898008868 -2.458953374166108 64
1784898008873 -2.5255101777905575 65
1784898008875 -2.592592592592593 66
1784898008875 -2.6601851594199317 67
1784898008884 -2.728272419120293 68
1784898008888 -2.7968389125413924 69
1784898008892 -2.865869180530951 70
1784898008894 -2.935347763936684 71
1784898008896 -3.0052592036063115 72
1784898008901 -3.0755880403875513 73
1784898008905 -3.146318815128122 74
1784898008909 -3.2174360686757386 75
1784898008909 -3.2889243418781238 76
1784898008909 -3.360768175582991 77
1784898008919 -3.432952110638063 78
1784898008921 -3.5054606878910537 79
1784898008921 -3.5782784481896845 80
1784898008921 -3.651389932381669 81
1784898008921 -3.72477968131473 82
1784898008935 -3.7984322358365845 83
1784898008935 -3.8723321367949484 84
1784898008935 -3.9464639250375426 85
1784898008943 -4.020812141412083 86
1784898008943 -4.095361326766288 87
1784898008950 -4.170096021947878 88
1784898008955 -4.245000767804566 89
1784898008955 -4.320060105184077 90
1784898008960 -4.395258574934122 91
1784898008970 -4.470580717902425 92
1784898008974 -4.546011074936699 93
1784898008974 -4.621534186884666 94
1784898008974 -4.697134594594043 95
1784898008987 -4.772796838912546 96
1784898008991 -4.848505460687897 97
1784898008995 -4.924245000767809 98
1784898009001 -5.000000000000006 99
