1783517387546 0.0 0
1783517387546 -0.0007626515125749897 1
1783517387546 -0.003040299948778675 2
1783517387546 -0.006817486156329138 3
1783517387560 -0.012078750982944458 4
1783517387562 -0.018808635276342703 5
1783517387564 -0.02699167988424192 6
1783517387565 -0.036612425654360216 7
1783517387568 -0.04765541343441565 8
1783517387569 -0.060105184072126276 9
1783517387573 -0.07394627841521018 10
1783517387576 -0.08916323731138547 11
1783517387579 -0.10574060160837014 12
1783517387582 -0.12366291215388237 13
1783517387583 -0.1429147097956402 14
1783517387585 -0.16348053538136165 15
1783517387587 -0.18534492975876488 16
1783517387588 -0.2084924337755679 17
1783517387589 -0.23290758827948888 18
1783517387591 -0.25857493411824567 19
1783517387593 -0.2854790121395567 20
1783517387595 -0.3136043631911397 21
1783517387595 -0.34293552812071304 22
1783517387595 -0.37345704777599464 23
1783517387595 -0.40515346300470245 24
1783517387610 -0.4380093146545547 25
1783517387613 -0.47200914357326956 26
1783517387617 -0.507137490608565 27
1783517387620 -0.543378896608159 28
1783517387623 -0.5807179024197697 29
1783517387625 -0.6191390488911153 30
1783517387628 -0.6586268768699137 31
1783517387631 -0.699165927203883 32
1783517387634 -0.7407407407407414 33
1783517387637 -0.7833358583282068 34
1783517387640 -0.8269358208139972 35
1783517387643 -0.8715251690458312 36
1783517387645 -0.9170884438714262 37
1783517387648 -0.9636101861385005 38
1783517387652 -1.0110749366947727 39
1783517387654 -1.0594672363879598 40
1783517387658 -1.1087716260657807 41
1783517387660 -1.1589726465759536 42
1783517387664 -1.210054838766196 43
1783517387667 -1.2620027434842265 44
1783517387669 -1.3148009015777626 45
1783517387672 -1.3684338538945229 46
1783517387674 -1.4228861412822247 47
1783517387677 -1.4781423045885866 48
1783517387681 -1.5341868846613274 49
1783517387684 -1.5910044223481639 50
1783517387687 -1.648579458496815 51
1783517387690 -1.7068965339549984 52
1783517387694 -1.7659401895704325 53
1783517387695 -1.825694966190835 54
1783517387695 -1.886145404663924 55
1783517387695 -1.947276045837418 56
1783517387695 -2.0090714305590347 57
1783517387695 -2.0715160996764923 58
1783517387695 -2.134594594037509 59
1783517387695 -2.1982914544898025 60
1783517387712 -2.2625912218810904 61
1783517387715 -2.327478437059093 62
1783517387717 -2.3929376408715246 63
1783517387719 -2.458953374166108 64
1783517387722 -2.5255101777905566 65
1783517387724 -2.5925925925925926 66
1783517387727 -2.660185159419931 67
1783517387729 -2.7282724191202923 68
1783517387731 -2.796838912541391 69
1783517387732 -2.865869180530949 70
1783517387733 -2.9353477639366825 71
1783517387735 -3.00525920360631 72
1783517387736 -3.075588040387549 73
1783517387738 -3.1463188151281196 74
1783517387739 -3.217436068675736 75
1783517387740 -3.288924341878121 76
1783517387742 -3.3607681755829875 77
1783517387743 -3.432952110638059 78
1783517387745 -3.505460687891049 79
1783517387745 -3.5782784481896797 80
1783517387745 -3.651389932381665 81
1783517387745 -3.724779681314725 82
1783517387745 -3.7984322358365796 83
1783517387745 -3.872332136794942 84
1783517387745 -3.946463925037537 85
1783517387745 -4.020812141412077 86
1783517387763 -4.095361326766281 87
1783517387765 -4.17009602194787 88
1783517387766 -4.245000767804558 89
1783517387769 -4.3200601051840675 90
1783517387770 -4.395258574934114 91
1783517387771 -4.470580717902416 92
1783517387773 -4.54601107493669 93
1783517387774 -4.621534186884658 94
1783517387775 -4.697134594594032 95
1783517387777 -4.7727968389125355 96
1783517387780 -4.848505460687887 97
1783517387784 -4.9242450007678 98
1783517387787 -4.9999999999999964 99
