1783517387790 0.0 0
1783517387794 6.0606060606060606 1
1783517387795 12.121212121212121 2
1783517387795 18.18181818181818 3
1783517387795 24.242424242424242 4
1783517387795 30.303030303030305 5
1783517387811 36.36363636363636 6
1783517387814 42.42424242424242 7
1783517387817 48.484848484848484 8
1783517387818 54.54545454545455 9
1783517387823 60.60606060606061 10
1783517387825 66.66666666666667 11
1783517387830 72.72727272727272 12
1783517387833 78.78787878787878 13
1783517387836 84.84848484848484 14
1783517387838 90.9090909090909 15
1783517387840 96.96969696969697 16
1783517387842 103.03030303030303 17
1783517387846 109.0909090909091 18
1783517387849 115.15151515151516 19
1783517387851 121.21212121212122 20
1783517387854 127.27272727272727 21
1783517387856 133.33333333333334 22
1783517387859 139.3939393939394 23
1783517387862 145.45454545454544 24
1783517387862 151.5151515151515 25
1783517387869 157.57575757575756 26
1783517387869 163.63636363636363 27
1783517387869 169.6969696969697 28
1783517387869 175.75757575757575 29
1783517387876 181.8181818181818 30
1783517387878 187.87878787878788 31
1783517387882 193.93939393939394 32
1783517387885 200.0 33
1783517387889 206.06060606060606 34
1783517387893 212.12121212121212 35
1783517387896 218.1818181818182 36
1783517387899 224.24242424242425 37
1783517387902 230.3030303030303 38
1783517387906 236.36363636363637 39
1783517387909 242.42424242424244 40
1783517387912 248.48484848484847 41
1783517387915 254.54545454545453 42
1783517387919 260.6060606060606 43
1783517387921 266.6666666666667 44
1783517387921 272.72727272727275 45
1783517387928 278.7878787878788 46
1783517387932 284.8484848484849 47
1783517387932 290.9090909090909 48
1783517387932 296.96969696969694 49
1783517387932 303.030303030303 50
1783517387942 309.09090909090907 51
1783517387944 315.1515151515151 52
1783517387944 321.2121212121212 53
1783517387944 327.27272727272725 54
1783517387944 333.3333333333333 55
1783517387944 339.3939393939394 56
1783517387960 345.45454545454544 57
1783517387965 351.5151515151515 58
1783517387969 357.57575757575756 59
1783517387971 363.6363636363636 60
1783517387976 369.6969696969697 61
1783517387978 375.75757575757575 62
1783517387982 381.8181818181818 63
1783517387982 387.8787878787879 64
1783517387989 393.93939393939394 65
1783517387991 400.0 66
1783517387991 406.06060606060606 67
1783517387991 412.1212121212121 68
1783517387991 418.1818181818182 69
1783517387991 424.24242424242425 70
1783517388007 430.3030303030303 71
1783517388011 436.3636363636364 72
1783517388011 442.42424242424244 73
1783517388020 448.4848484848485 74
1783517388023 454.54545454545456 75
1783517388026 460.6060606060606 76
1783517388026 466.6666666666667 77
1783517388026 472.72727272727275 78
1783517388026 478.7878787878788 79
1783517388039 484.8484848484849 80
1783517388044 490.9090909090909 81
1783517388046 496.96969696969694 82
1783517388051 503.030303030303 83
1783517388053 509.09090909090907 84
1783517388055 515.1515151515151 85
1783517388055 521.2121212121212 86
1783517388060 527.2727272727273 87
1783517388064 533.3333333333334 88
1783517388066 539.3939393939394 89
1783517388068 545.4545454545455 90
1783517388070 551.5151515151515 91
1783517388073 557.5757575757576 92
1783517388075 563.6363636363636 93
1783517388075 569.6969696969697 94
1783517388075 575.7575757575758 95
1783517388081 581.8181818181818 96
1783517388083 587.8787878787879 97
1783517388085 593.9393939393939 98
1783517388091 600.0 99
