1784898009520 0.0 0
1784898009535 -0.0007626515125749892 1
1784898009540 -0.0030402999487786743 2
1784898009544 -0.006817486156329138 3
1784898009544 -0.01207875098294446 4
1784898009551 -0.01880863527634271 5
1784898009551 -0.02699167988424193 6
1784898009559 -0.03661242565436023 7
1784898009565 -0.04765541343441567 8
1784898009568 -0.06010518407212631 9
1784898009568 -0.07394627841521022 10
1784898009568 -0.08916323731138552 11
1784898009581 -0.10574060160837022 12
1784898009584 -0.12366291215388246 13
1784898009590 -0.1429147097956403 14
1784898009594 -0.16348053538136176 15
1784898009598 -0.185344929758765 16
1784898009601 -0.2084924337755681 17
1784898009605 -0.23290758827948904 18
1784898009608 -0.2585749341182458 19
1784898009612 -0.28547901213955673 20
1784898009618 -0.3136043631911397 21
1784898009618 -0.3429355281207131 22
1784898009626 -0.37345704777599464 23
1784898009628 -0.40515346300470234 24
1784898009633 -0.4380093146545546 25
1784898009638 -0.4720091435732694 26
1784898009638 -0.5071374906085647 27
1784898009646 -0.5433788966081587 28
1784898009650 -0.5807179024197693 29
1784898009651 -0.6191390488911148 30
1784898009658 -0.6586268768699132 31
1784898009660 -0.6991659272038824 32
1784898009666 -0.7407407407407406 33
1784898009668 -0.783335858328206 34
1784898009668 -0.8269358208139965 35
1784898009668 -0.8715251690458302 36
1784898009682 -0.9170884438714253 37
1784898009685 -0.9636101861384998 38
1784898009689 -1.0110749366947716 39
1784898009691 -1.059467236387959 40
1784898009691 -1.1087716260657798 41
1784898009701 -1.1589726465759524 42
1784898009701 -1.2100548387661951 43
1784898009711 -1.2620027434842254 44
1784898009715 -1.3148009015777615 45
1784898009718 -1.3684338538945215 46
1784898009722 -1.4228861412822236 47
1784898009726 -1.4781423045885853 48
1784898009726 -1.534186884661326 49
1784898009726 -1.5910044223481628 50
1784898009734 -1.648579458496814 51
1784898009734 -1.7068965339549973 52
1784898009734 -1.7659401895704314 53
1784898009744 -1.8256949661908342 54
1784898009744 -1.8861454046639232 55
1784898009751 -1.9472760458374172 56
1784898009754 -2.0090714305590343 57
1784898009759 -2.071516099676492 58
1784898009761 -2.1345945940375084 59
1784898009765 -2.1982914544898025 60
1784898009768 -2.2625912218810904 61
1784898009768 -2.327478437059093 62
1784898009768 -2.392937640871525 63
1784898009768 -2.458953374166109 64
1784898009785 -2.525510177790558 65
1784898009785 -2.592592592592593 66
1784898009785 -2.660185159419932 67
1784898009785 -2.728272419120293 68
1784898009785 -2.796838912541393 69
1784898009785 -2.8658691805309506 70
1784898009801 -2.9353477639366843 71
1784898009801 -3.005259203606312 72
1784898009812 -3.0755880403875513 73
1784898009816 -3.146318815128122 74
1784898009817 -3.2174360686757386 75
1784898009817 -3.2889243418781233 76
1784898009817 -3.3607681755829906 77
1784898009817 -3.432952110638063 78
1784898009834 -3.5054606878910533 79
1784898009834 -3.5782784481896828 80
1784898009834 -3.6513899323816688 81
1784898009844 -3.724779681314729 82
1784898009851 -3.798432235836583 83
1784898009851 -3.872332136794947 84
1784898009851 -3.946463925037542 85
1784898009860 -4.020812141412082 86
1784898009862 -4.0953613267662865 87
1784898009867 -4.170096021947876 88
1784898009870 -4.245000767804566 89
1784898009871 -4.320060105184075 90
1784898009875 -4.39525857493412 91
1784898009875 -4.470580717902423 92
1784898009884 -4.546011074936697 93
1784898009884 -4.621534186884664 94
1784898009884 -4.69713459459404 95
1784898009884 -4.772796838912543 96
1784898009901 -4.8485054606878935 97
1784898009901 -4.924245000767805 98
1784898009911 -5.000000000000003 99
