1784898009913 0.0 0
1784898009918 6.0606060606060606 1
1784898009918 12.121212121212121 2
1784898009918 18.18181818181818 3
1784898009935 24.242424242424242 4
1784898009935 30.303030303030305 5
1784898009935 36.36363636363636 6
1784898009944 42.42424242424242 7
1784898009950 48.484848484848484 8
1784898009955 54.54545454545455 9
1784898009960 60.60606060606061 10
1784898009964 66.66666666666667 11
1784898009969 72.72727272727272 12
1784898009974 78.78787878787878 13
1784898009978 84.84848484848484 14
1784898009983 90.9090909090909 15
1784898009988 96.96969696969697 16
1784898009992 103.03030303030303 17
1784898009997 109.0909090909091 18
1784898010001 115.15151515151516 19
1784898010005 121.21212121212122 20
1784898010010 127.27272727272727 21
1784898010015 133.33333333333334 22
1784898010020 139.3939393939394 23
1784898010025 145.45454545454544 24
1784898010031 151.5151515151515 25
1784898010035 157.57575757575756 26
1784898010040 163.63636363636363 27
1784898010045 169.6969696969697 28
1784898010049 175.75757575757575 29
1784898010052 181.8181818181818 30
1784898010056 187.87878787878788 31
1784898010060 193.93939393939394 32
1784898010065 200.0 33
1784898010067 206.06060606060606 34
1784898010071 212.12121212121212 35
1784898010074 218.1818181818182 36
1784898010079 224.24242424242425 37
1784898010082 230.3030303030303 38
1784898010085 236.36363636363637 39
1784898010088 242.42424242424244 40
1784898010093 248.48484848484847 41
1784898010097 254.54545454545453 42
1784898010102 260.6060606060606 43
1784898010106 266.6666666666667 44
1784898010111 272.72727272727275 45
1784898010116 278.7878787878788 46
1784898010120 284.8484848484849 47
1784898010125 290.9090909090909 48
1784898010130 296.96969696969694 49
1784898010135 303.030303030303 50
1784898010140 309.09090909090907 51
1784898010145 315.1515151515151 52
1784898010150 321.2121212121212 53
1784898010155 327.27272727272725 54
1784898010159 333.3333333333333 55
1784898010162 339.3939393939394 56
1784898010165 345.45454545454544 57
1784898010171 351.5151515151515 58
1784898010175 357.57575757575756 59
1784898010180 363.6363636363636 60
1784898010185 369.6969696969697 61
1784898010190 375.75757575757575 62
1784898010194 381.8181818181818 63
1784898010200 387.8787878787879 64
1784898010203 393.93939393939394 65
1784898010207 400.0 66
1784898010210 406.06060606060606 67
1784898010213 412.1212121212121 68
1784898010216 418.1818181818182 69
1784898010221 424.24242424242425 70
1784898010224 430.3030303030303 71
1784898010229 436.3636363636364 72
1784898010232 442.42424242424244 73
1784898010235 448.4848484848485 74
1784898010240 454.54545454545456 75
1784898010244 460.6060606060606 76
1784898010248 466.6666666666667 77
1784898010254 472.72727272727275 78
1784898010258 478.7878787878788 79
1784898010261 484.8484848484849 80
1784898010265 490.9090909090909 81
1784898010269 496.96969696969694 82
1784898010273 503.030303030303 83
1784898010276 509.09090909090907 84
1784898010280 515.1515151515151 85
1784898010284 521.2121212121212 86
1784898010288 527.2727272727273 87
1784898010292 533.3333333333334 88
1784898010297 539.3939393939394 89
1784898010301 545.4545454545455 90
1784898010305 551.5151515151515 91
1784898010308 557.5757575757576 92
1784898010312 563.6363636363636 93
1784898010315 569.6969696969697 94
1784898010318 575.7575757575758 95
1784898010322 581.8181818181818 96
1784898010325 587.8787878787879 97
1784898010328 593.9393939393939 98
1784898010331 600.0 99
