1783445994593 0.0 0
1783445994596 6.0606060606060606 1
1783445994600 12.121212121212121 2
1783445994604 18.18181818181818 3
1783445994608 24.242424242424242 4
1783445994612 30.303030303030305 5
1783445994617 36.36363636363636 6
1783445994621 42.42424242424242 7
1783445994625 48.484848484848484 8
1783445994629 54.54545454545455 9
1783445994634 60.60606060606061 10
1783445994638 66.66666666666667 11
1783445994644 72.72727272727272 12
1783445994649 78.78787878787878 13
1783445994653 84.84848484848484 14
1783445994657 90.9090909090909 15
1783445994662 96.96969696969697 16
1783445994666 103.03030303030303 17
1783445994671 109.0909090909091 18
1783445994676 115.15151515151516 19
1783445994680 121.21212121212122 20
1783445994684 127.27272727272727 21
1783445994687 133.33333333333334 22
1783445994691 139.3939393939394 23
1783445994696 145.45454545454544 24
1783445994700 151.5151515151515 25
1783445994704 157.57575757575756 26
1783445994708 163.63636363636363 27
1783445994713 169.6969696969697 28
1783445994717 175.75757575757575 29
1783445994721 181.8181818181818 30
1783445994725 187.87878787878788 31
1783445994729 193.93939393939394 32
1783445994733 200.0 33
1783445994738 206.06060606060606 34
1783445994742 212.12121212121212 35
1783445994748 218.1818181818182 36
1783445994751 224.24242424242425 37
1783445994755 230.3030303030303 38
1783445994759 236.36363636363637 39
1783445994762 242.42424242424244 40
1783445994766 248.48484848484847 41
1783445994770 254.54545454545453 42
1783445994774 260.6060606060606 43
1783445994778 266.6666666666667 44
1783445994783 272.72727272727275 45
1783445994787 278.7878787878788 46
1783445994791 284.8484848484849 47
1783445994796 290.9090909090909 48
1783445994800 296.96969696969694 49
1783445994804 303.030303030303 50
1783445994808 309.09090909090907 51
1783445994812 315.1515151515151 52
1783445994816 321.2121212121212 53
1783445994820 327.27272727272725 54
1783445994825 333.3333333333333 55
1783445994829 339.3939393939394 56
1783445994833 345.45454545454544 57
1783445994836 351.5151515151515 58
1783445994840 357.57575757575756 59
1783445994845 363.6363636363636 60
1783445994848 369.6969696969697 61
1783445994852 375.75757575757575 62
1783445994856 381.8181818181818 63
1783445994861 387.8787878787879 64
1783445994865 393.93939393939394 65
1783445994868 400.0 66
1783445994872 406.06060606060606 67
1783445994876 412.1212121212121 68
1783445994880 418.1818181818182 69
1783445994884 424.24242424242425 70
1783445994888 430.3030303030303 71
1783445994892 436.3636363636364 72
1783445994895 442.42424242424244 73
1783445994899 448.4848484848485 74
1783445994903 454.54545454545456 75
1783445994906 460.6060606060606 76
1783445994911 466.6666666666667 77
1783445994916 472.72727272727275 78
1783445994919 478.7878787878788 79
1783445994922 484.8484848484849 80
1783445994926 490.9090909090909 81
1783445994929 496.96969696969694 82
1783445994933 503.030303030303 83
1783445994937 509.09090909090907 84
1783445994940 515.1515151515151 85
1783445994944 521.2121212121212 86
1783445994947 527.2727272727273 87
1783445994951 533.3333333333334 88
1783445994955 539.3939393939394 89
1783445994959 545.4545454545455 90
1783445994963 551.5151515151515 91
1783445994967 557.5757575757576 92
1783445994971 563.6363636363636 93
1783445994974 569.6969696969697 94
1783445994978 575.7575757575758 95
1783445994982 581.8181818181818 96
1783445994986 587.8787878787879 97
1783445994989 593.9393939393939 98
1783445994992 600.0 99
