1783445994183 0.0 0
1783445994189 -0.0007626515125749892 1
1783445994192 -0.0030402999487786743 2
1783445994196 -0.006817486156329138 3
1783445994201 -0.01207875098294446 4
1783445994205 -0.01880863527634271 5
1783445994209 -0.02699167988424193 6
1783445994212 -0.03661242565436023 7
1783445994217 -0.04765541343441567 8
1783445994221 -0.06010518407212631 9
1783445994224 -0.07394627841521022 10
1783445994228 -0.08916323731138552 11
1783445994232 -0.10574060160837022 12
1783445994236 -0.12366291215388246 13
1783445994239 -0.1429147097956403 14
1783445994244 -0.16348053538136176 15
1783445994248 -0.185344929758765 16
1783445994251 -0.2084924337755681 17
1783445994254 -0.23290758827948904 18
1783445994257 -0.2585749341182458 19
1783445994262 -0.28547901213955673 20
1783445994266 -0.3136043631911397 21
1783445994270 -0.3429355281207131 22
1783445994275 -0.37345704777599464 23
1783445994278 -0.40515346300470234 24
1783445994281 -0.4380093146545546 25
1783445994285 -0.4720091435732694 26
1783445994288 -0.5071374906085647 27
1783445994292 -0.5433788966081587 28
1783445994297 -0.5807179024197693 29
1783445994301 -0.6191390488911148 30
1783445994305 -0.6586268768699132 31
1783445994310 -0.6991659272038824 32
1783445994314 -0.7407407407407406 33
1783445994318 -0.783335858328206 34
1783445994322 -0.8269358208139965 35
1783445994326 -0.8715251690458302 36
1783445994330 -0.9170884438714253 37
1783445994335 -0.9636101861384998 38
1783445994339 -1.0110749366947716 39
1783445994343 -1.059467236387959 40
1783445994348 -1.1087716260657798 41
1783445994353 -1.1589726465759524 42
1783445994357 -1.2100548387661951 43
1783445994362 -1.2620027434842254 44
1783445994366 -1.3148009015777615 45
1783445994370 -1.3684338538945215 46
1783445994374 -1.4228861412822236 47
1783445994379 -1.4781423045885853 48
1783445994383 -1.534186884661326 49
1783445994388 -1.5910044223481628 50
1783445994392 -1.648579458496814 51
1783445994396 -1.7068965339549973 52
1783445994400 -1.7659401895704314 53
1783445994405 -1.8256949661908342 54
1783445994409 -1.8861454046639232 55
1783445994413 -1.9472760458374172 56
1783445994417 -2.0090714305590343 57
1783445994421 -2.071516099676492 58
1783445994425 -2.1345945940375084 59
1783445994429 -2.1982914544898025 60
1783445994433 -2.2625912218810904 61
1783445994436 -2.327478437059093 62
1783445994440 -2.392937640871525 63
1783445994445 -2.458953374166109 64
1783445994449 -2.525510177790558 65
1783445994453 -2.592592592592593 66
1783445994457 -2.660185159419932 67
1783445994461 -2.728272419120293 68
1783445994465 -2.796838912541393 69
1783445994469 -2.8658691805309506 70
1783445994473 -2.9353477639366843 71
1783445994477 -3.005259203606312 72
1783445994481 -3.0755880403875513 73
1783445994484 -3.146318815128122 74
1783445994488 -3.2174360686757386 75
1783445994492 -3.2889243418781233 76
1783445994497 -3.3607681755829906 77
1783445994500 -3.432952110638063 78
1783445994504 -3.5054606878910533 79
1783445994509 -3.5782784481896828 80
1783445994514 -3.6513899323816688 81
1783445994518 -3.724779681314729 82
1783445994522 -3.798432235836583 83
1783445994526 -3.872332136794947 84
1783445994531 -3.946463925037542 85
1783445994535 -4.020812141412082 86
1783445994539 -4.0953613267662865 87
1783445994543 -4.170096021947876 88
1783445994548 -4.245000767804566 89
1783445994551 -4.320060105184075 90
1783445994555 -4.39525857493412 91
1783445994559 -4.470580717902423 92
1783445994564 -4.546011074936697 93
1783445994568 -4.621534186884664 94
1783445994571 -4.69713459459404 95
1783445994575 -4.772796838912543 96
1783445994580 -4.8485054606878935 97
1783445994584 -4.924245000767805 98
1783445994588 -5.000000000000003 99
