1788256683367 0.0 0
1788256683367 -0.0007626515125749894 1
1788256683386 -0.0030402999487786735 2
1788256683390 -0.0068174861563291365 3
1788256683395 -0.01207875098294446 4
1788256683395 -0.018808635276342703 5
1788256683404 -0.026991679884241934 6
1788256683409 -0.03661242565436024 7
1788256683413 -0.04765541343441568 8
1788256683417 -0.06010518407212633 9
1788256683417 -0.07394627841521026 10
1788256683417 -0.08916323731138556 11
1788256683422 -0.10574060160837027 12
1788256683425 -0.12366291215388252 13
1788256683429 -0.14291470979564042 14
1788256683433 -0.16348053538136192 15
1788256683434 -0.1853449297587652 16
1788256683437 -0.2084924337755684 17
1788256683437 -0.2329075882794894 18
1788256683437 -0.25857493411824567 19
1788256683437 -0.2854790121395566 20
1788256683450 -0.31360436319113966 21
1788256683455 -0.342935528120713 22
1788256683456 -0.37345704777599453 23
1788256683456 -0.40515346300470223 24
1788256683467 -0.4380093146545545 25
1788256683467 -0.4720091435732693 26
1788256683467 -0.5071374906085646 27
1788256683473 -0.5433788966081585 28
1788256683475 -0.5807179024197692 29
1788256683475 -0.6191390488911146 30
1788256683480 -0.6586268768699131 31
1788256683484 -0.6991659272038822 32
1788256683487 -0.7407407407407405 33
1788256683488 -0.7833358583282057 34
1788256683488 -0.8269358208139963 35
1788256683488 -0.8715251690458299 36
1788256683503 -0.9170884438714251 37
1788256683507 -0.9636101861384994 38
1788256683511 -1.011074936694771 39
1788256683514 -1.0594672363879587 40
1788256683516 -1.1087716260657796 41
1788256683518 -1.158972646575952 42
1788256683521 -1.2100548387661947 43
1788256683525 -1.2620027434842251 44
1788256683529 -1.3148009015777613 45
1788256683532 -1.3684338538945213 46
1788256683534 -1.4228861412822233 47
1788256683537 -1.478142304588585 48
1788256683537 -1.5341868846613258 49
1788256683537 -1.5910044223481623 50
1788256683543 -1.6485794584968136 51
1788256683545 -1.706896533954997 52
1788256683548 -1.7659401895704312 53
1788256683551 -1.825694966190834 54
1788256683551 -1.8861454046639228 55
1788256683555 -1.9472760458374172 56
1788256683557 -2.009071430559034 57
1788256683559 -2.0715160996764914 58
1788256683561 -2.1345945940375084 59
1788256683563 -2.198291454489802 60
1788256683569 -2.26259122188109 61
1788256683573 -2.3274784370590926 62
1788256683578 -2.3929376408715246 63
1788256683582 -2.458953374166108 64
1788256683584 -2.5255101777905575 65
1788256683588 -2.592592592592593 66
1788256683588 -2.6601851594199317 67
1788256683588 -2.728272419120293 68
1788256683588 -2.7968389125413924 69
1788256683588 -2.865869180530951 70
1788256683599 -2.935347763936684 71
1788256683604 -3.0052592036063115 72
1788256683608 -3.0755880403875513 73
1788256683609 -3.146318815128122 74
1788256683617 -3.2174360686757386 75
1788256683617 -3.2889243418781238 76
1788256683623 -3.360768175582991 77
1788256683627 -3.432952110638063 78
1788256683627 -3.5054606878910537 79
1788256683634 -3.5782784481896845 80
1788256683638 -3.651389932381669 81
1788256683638 -3.72477968131473 82
1788256683638 -3.7984322358365845 83
1788256683652 -3.8723321367949484 84
1788256683654 -3.9464639250375426 85
1788256683657 -4.020812141412083 86
1788256683659 -4.095361326766288 87
1788256683659 -4.170096021947878 88
1788256683659 -4.245000767804566 89
1788256683668 -4.320060105184077 90
1788256683671 -4.395258574934122 91
1788256683675 -4.470580717902425 92
1788256683679 -4.546011074936699 93
1788256683683 -4.621534186884666 94
1788256683688 -4.697134594594043 95
1788256683692 -4.772796838912546 96
1788256683694 -4.848505460687897 97
1788256683696 -4.924245000767809 98
1788256683698 -5.000000000000006 99
