1783431496485 0.0 0
1783431496489 6.0606060606060606 1
1783431496494 12.121212121212121 2
1783431496498 18.18181818181818 3
1783431496503 24.242424242424242 4
1783431496507 30.303030303030305 5
1783431496509 36.36363636363636 6
1783431496512 42.42424242424242 7
1783431496515 48.484848484848484 8
1783431496518 54.54545454545455 9
1783431496523 60.60606060606061 10
1783431496526 66.66666666666667 11
1783431496530 72.72727272727272 12
1783431496537 78.78787878787878 13
1783431496541 84.84848484848484 14
1783431496545 90.9090909090909 15
1783431496549 96.96969696969697 16
1783431496552 103.03030303030303 17
1783431496557 109.0909090909091 18
1783431496562 115.15151515151516 19
1783431496566 121.21212121212122 20
1783431496570 127.27272727272727 21
1783431496574 133.33333333333334 22
1783431496579 139.3939393939394 23
1783431496585 145.45454545454544 24
1783431496592 151.5151515151515 25
1783431496598 157.57575757575756 26
1783431496602 163.63636363636363 27
1783431496605 169.6969696969697 28
1783431496610 175.75757575757575 29
1783431496612 181.8181818181818 30
1783431496615 187.87878787878788 31
1783431496620 193.93939393939394 32
1783431496625 200.0 33
1783431496629 206.06060606060606 34
1783431496633 212.12121212121212 35
1783431496636 218.1818181818182 36
1783431496639 224.24242424242425 37
1783431496643 230.3030303030303 38
1783431496646 236.36363636363637 39
1783431496650 242.42424242424244 40
1783431496652 248.48484848484847 41
1783431496657 254.54545454545453 42
1783431496660 260.6060606060606 43
1783431496663 266.6666666666667 44
1783431496666 272.72727272727275 45
1783431496670 278.7878787878788 46
1783431496675 284.8484848484849 47
1783431496679 290.9090909090909 48
1783431496682 296.96969696969694 49
1783431496687 303.030303030303 50
1783431496693 309.09090909090907 51
1783431496697 315.1515151515151 52
1783431496699 321.2121212121212 53
1783431496702 327.27272727272725 54
1783431496706 333.3333333333333 55
1783431496710 339.3939393939394 56
1783431496716 345.45454545454544 57
1783431496720 351.5151515151515 58
1783431496725 357.57575757575756 59
1783431496728 363.6363636363636 60
1783431496731 369.6969696969697 61
1783431496734 375.75757575757575 62
1783431496738 381.8181818181818 63
1783431496741 387.8787878787879 64
1783431496745 393.93939393939394 65
1783431496748 400.0 66
1783431496751 406.06060606060606 67
1783431496756 412.1212121212121 68
1783431496760 418.1818181818182 69
1783431496763 424.24242424242425 70
1783431496766 430.3030303030303 71
1783431496771 436.3636363636364 72
1783431496774 442.42424242424244 73
1783431496777 448.4848484848485 74
1783431496781 454.54545454545456 75
1783431496784 460.6060606060606 76
1783431496789 466.6666666666667 77
1783431496792 472.72727272727275 78
1783431496795 478.7878787878788 79
1783431496799 484.8484848484849 80
1783431496802 490.9090909090909 81
1783431496806 496.96969696969694 82
1783431496809 503.030303030303 83
1783431496812 509.09090909090907 84
1783431496815 515.1515151515151 85
1783431496818 521.2121212121212 86
1783431496821 527.2727272727273 87
1783431496824 533.3333333333334 88
1783431496827 539.3939393939394 89
1783431496830 545.4545454545455 90
1783431496833 551.5151515151515 91
1783431496836 557.5757575757576 92
1783431496840 563.6363636363636 93
1783431496843 569.6969696969697 94
1783431496846 575.7575757575758 95
1783431496850 581.8181818181818 96
1783431496855 587.8787878787879 97
1783431496859 593.9393939393939 98
1783431496862 600.0 99
