1783431496052 0.0 0
1783431496057 -0.0007626515125749897 1
1783431496060 -0.003040299948778675 2
1783431496065 -0.006817486156329138 3
1783431496070 -0.012078750982944458 4
1783431496073 -0.018808635276342703 5
1783431496078 -0.02699167988424192 6
1783431496083 -0.036612425654360216 7
1783431496089 -0.04765541343441565 8
1783431496094 -0.060105184072126276 9
1783431496099 -0.07394627841521018 10
1783431496103 -0.08916323731138547 11
1783431496109 -0.10574060160837014 12
1783431496113 -0.12366291215388237 13
1783431496117 -0.1429147097956402 14
1783431496121 -0.16348053538136165 15
1783431496126 -0.18534492975876488 16
1783431496133 -0.2084924337755679 17
1783431496136 -0.23290758827948888 18
1783431496141 -0.25857493411824567 19
1783431496148 -0.2854790121395567 20
1783431496151 -0.3136043631911397 21
1783431496155 -0.34293552812071304 22
1783431496159 -0.37345704777599464 23
1783431496164 -0.40515346300470245 24
1783431496168 -0.4380093146545547 25
1783431496175 -0.47200914357326956 26
1783431496180 -0.507137490608565 27
1783431496183 -0.543378896608159 28
1783431496186 -0.5807179024197697 29
1783431496192 -0.6191390488911153 30
1783431496195 -0.6586268768699137 31
1783431496198 -0.699165927203883 32
1783431496203 -0.7407407407407414 33
1783431496206 -0.7833358583282068 34
1783431496210 -0.8269358208139972 35
1783431496215 -0.8715251690458312 36
1783431496221 -0.9170884438714262 37
1783431496225 -0.9636101861385005 38
1783431496230 -1.0110749366947727 39
1783431496232 -1.0594672363879598 40
1783431496235 -1.1087716260657807 41
1783431496239 -1.1589726465759536 42
1783431496244 -1.210054838766196 43
1783431496249 -1.2620027434842265 44
1783431496252 -1.3148009015777626 45
1783431496257 -1.3684338538945229 46
1783431496261 -1.4228861412822247 47
1783431496265 -1.4781423045885866 48
1783431496270 -1.5341868846613274 49
1783431496274 -1.5910044223481639 50
1783431496277 -1.648579458496815 51
1783431496285 -1.7068965339549984 52
1783431496290 -1.7659401895704325 53
1783431496293 -1.825694966190835 54
1783431496296 -1.886145404663924 55
1783431496299 -1.947276045837418 56
1783431496304 -2.0090714305590347 57
1783431496307 -2.0715160996764923 58
1783431496310 -2.134594594037509 59
1783431496315 -2.1982914544898025 60
1783431496319 -2.2625912218810904 61
1783431496323 -2.327478437059093 62
1783431496327 -2.3929376408715246 63
1783431496332 -2.458953374166108 64
1783431496335 -2.5255101777905566 65
1783431496341 -2.5925925925925926 66
1783431496347 -2.660185159419931 67
1783431496353 -2.7282724191202923 68
1783431496356 -2.796838912541391 69
1783431496360 -2.865869180530949 70
1783431496366 -2.9353477639366825 71
1783431496370 -3.00525920360631 72
1783431496374 -3.075588040387549 73
1783431496379 -3.1463188151281196 74
1783431496384 -3.217436068675736 75
1783431496388 -3.288924341878121 76
1783431496392 -3.3607681755829875 77
1783431496398 -3.432952110638059 78
1783431496402 -3.505460687891049 79
1783431496405 -3.5782784481896797 80
1783431496410 -3.651389932381665 81
1783431496415 -3.724779681314725 82
1783431496416 -3.7984322358365796 83
1783431496421 -3.872332136794942 84
1783431496427 -3.946463925037537 85
1783431496431 -4.020812141412077 86
1783431496435 -4.095361326766281 87
1783431496438 -4.17009602194787 88
1783431496443 -4.245000767804558 89
1783431496447 -4.3200601051840675 90
1783431496450 -4.395258574934114 91
1783431496454 -4.470580717902416 92
1783431496460 -4.54601107493669 93
1783431496463 -4.621534186884658 94
1783431496467 -4.697134594594032 95
1783431496470 -4.7727968389125355 96
1783431496474 -4.848505460687887 97
1783431496478 -4.9242450007678 98
1783431496481 -4.9999999999999964 99
