1783445995148 0.0 0
1783445995153 -0.0007626515125749897 1
1783445995157 -0.003040299948778675 2
1783445995161 -0.006817486156329138 3
1783445995165 -0.012078750982944458 4
1783445995169 -0.018808635276342703 5
1783445995174 -0.02699167988424192 6
1783445995178 -0.036612425654360216 7
1783445995182 -0.04765541343441565 8
1783445995186 -0.060105184072126276 9
1783445995190 -0.07394627841521018 10
1783445995194 -0.08916323731138547 11
1783445995197 -0.10574060160837014 12
1783445995201 -0.12366291215388237 13
1783445995204 -0.1429147097956402 14
1783445995208 -0.16348053538136165 15
1783445995212 -0.18534492975876488 16
1783445995216 -0.2084924337755679 17
1783445995219 -0.23290758827948888 18
1783445995223 -0.25857493411824567 19
1783445995227 -0.2854790121395567 20
1783445995230 -0.3136043631911397 21
1783445995234 -0.34293552812071304 22
1783445995237 -0.37345704777599464 23
1783445995240 -0.40515346300470245 24
1783445995244 -0.4380093146545547 25
1783445995247 -0.47200914357326956 26
1783445995250 -0.507137490608565 27
1783445995253 -0.543378896608159 28
1783445995256 -0.5807179024197697 29
1783445995258 -0.6191390488911153 30
1783445995260 -0.6586268768699137 31
1783445995262 -0.699165927203883 32
1783445995264 -0.7407407407407414 33
1783445995267 -0.7833358583282068 34
1783445995270 -0.8269358208139972 35
1783445995272 -0.8715251690458312 36
1783445995275 -0.9170884438714262 37
1783445995278 -0.9636101861385005 38
1783445995281 -1.0110749366947727 39
1783445995283 -1.0594672363879598 40
1783445995287 -1.1087716260657807 41
1783445995291 -1.1589726465759536 42
1783445995295 -1.210054838766196 43
1783445995301 -1.2620027434842265 44
1783445995309 -1.3148009015777626 45
1783445995317 -1.3684338538945229 46
1783445995321 -1.4228861412822247 47
1783445995326 -1.4781423045885866 48
1783445995331 -1.5341868846613274 49
1783445995335 -1.5910044223481639 50
1783445995339 -1.648579458496815 51
1783445995343 -1.7068965339549984 52
1783445995347 -1.7659401895704325 53
1783445995350 -1.825694966190835 54
1783445995353 -1.886145404663924 55
1783445995357 -1.947276045837418 56
1783445995360 -2.0090714305590347 57
1783445995363 -2.0715160996764923 58
1783445995366 -2.134594594037509 59
1783445995370 -2.1982914544898025 60
1783445995373 -2.2625912218810904 61
1783445995379 -2.327478437059093 62
1783445995385 -2.3929376408715246 63
1783445995389 -2.458953374166108 64
1783445995393 -2.5255101777905566 65
1783445995397 -2.5925925925925926 66
1783445995402 -2.660185159419931 67
1783445995406 -2.7282724191202923 68
1783445995410 -2.796838912541391 69
1783445995413 -2.865869180530949 70
1783445995416 -2.9353477639366825 71
1783445995418 -3.00525920360631 72
1783445995421 -3.075588040387549 73
1783445995424 -3.1463188151281196 74
1783445995428 -3.217436068675736 75
1783445995432 -3.288924341878121 76
1783445995435 -3.3607681755829875 77
1783445995438 -3.432952110638059 78
1783445995442 -3.505460687891049 79
1783445995446 -3.5782784481896797 80
1783445995449 -3.651389932381665 81
1783445995452 -3.724779681314725 82
1783445995456 -3.7984322358365796 83
1783445995460 -3.872332136794942 84
1783445995464 -3.946463925037537 85
1783445995468 -4.020812141412077 86
1783445995470 -4.095361326766281 87
1783445995473 -4.17009602194787 88
1783445995477 -4.245000767804558 89
1783445995480 -4.3200601051840675 90
1783445995483 -4.395258574934114 91
1783445995486 -4.470580717902416 92
1783445995490 -4.54601107493669 93
1783445995495 -4.621534186884658 94
1783445995500 -4.697134594594032 95
1783445995503 -4.7727968389125355 96
1783445995507 -4.848505460687887 97
1783445995511 -4.9242450007678 98
1783445995516 -4.9999999999999964 99
