1783445995520 0.0 0
1783445995525 6.0606060606060606 1
1783445995529 12.121212121212121 2
1783445995533 18.18181818181818 3
1783445995537 24.242424242424242 4
1783445995541 30.303030303030305 5
1783445995545 36.36363636363636 6
1783445995549 42.42424242424242 7
1783445995552 48.484848484848484 8
1783445995556 54.54545454545455 9
1783445995560 60.60606060606061 10
1783445995564 66.66666666666667 11
1783445995566 72.72727272727272 12
1783445995570 78.78787878787878 13
1783445995574 84.84848484848484 14
1783445995576 90.9090909090909 15
1783445995579 96.96969696969697 16
1783445995582 103.03030303030303 17
1783445995586 109.0909090909091 18
1783445995589 115.15151515151516 19
1783445995592 121.21212121212122 20
1783445995596 127.27272727272727 21
1783445995600 133.33333333333334 22
1783445995602 139.3939393939394 23
1783445995605 145.45454545454544 24
1783445995607 151.5151515151515 25
1783445995611 157.57575757575756 26
1783445995616 163.63636363636363 27
1783445995619 169.6969696969697 28
1783445995622 175.75757575757575 29
1783445995626 181.8181818181818 30
1783445995630 187.87878787878788 31
1783445995634 193.93939393939394 32
1783445995639 200.0 33
1783445995643 206.06060606060606 34
1783445995648 212.12121212121212 35
1783445995652 218.1818181818182 36
1783445995656 224.24242424242425 37
1783445995660 230.3030303030303 38
1783445995664 236.36363636363637 39
1783445995667 242.42424242424244 40
1783445995670 248.48484848484847 41
1783445995674 254.54545454545453 42
1783445995677 260.6060606060606 43
1783445995681 266.6666666666667 44
1783445995684 272.72727272727275 45
1783445995686 278.7878787878788 46
1783445995688 284.8484848484849 47
1783445995691 290.9090909090909 48
1783445995695 296.96969696969694 49
1783445995698 303.030303030303 50
1783445995701 309.09090909090907 51
1783445995703 315.1515151515151 52
1783445995706 321.2121212121212 53
1783445995709 327.27272727272725 54
1783445995713 333.3333333333333 55
1783445995717 339.3939393939394 56
1783445995721 345.45454545454544 57
1783445995723 351.5151515151515 58
1783445995727 357.57575757575756 59
1783445995729 363.6363636363636 60
1783445995731 369.6969696969697 61
1783445995733 375.75757575757575 62
1783445995736 381.8181818181818 63
1783445995738 387.8787878787879 64
1783445995741 393.93939393939394 65
1783445995745 400.0 66
1783445995748 406.06060606060606 67
1783445995751 412.1212121212121 68
1783445995755 418.1818181818182 69
1783445995758 424.24242424242425 70
1783445995761 430.3030303030303 71
1783445995763 436.3636363636364 72
1783445995766 442.42424242424244 73
1783445995768 448.4848484848485 74
1783445995771 454.54545454545456 75
1783445995773 460.6060606060606 76
1783445995777 466.6666666666667 77
1783445995781 472.72727272727275 78
1783445995784 478.7878787878788 79
1783445995789 484.8484848484849 80
1783445995793 490.9090909090909 81
1783445995797 496.96969696969694 82
1783445995801 503.030303030303 83
1783445995805 509.09090909090907 84
1783445995808 515.1515151515151 85
1783445995812 521.2121212121212 86
1783445995816 527.2727272727273 87
1783445995819 533.3333333333334 88
1783445995821 539.3939393939394 89
1783445995824 545.4545454545455 90
1783445995827 551.5151515151515 91
1783445995830 557.5757575757576 92
1783445995832 563.6363636363636 93
1783445995834 569.6969696969697 94
1783445995836 575.7575757575758 95
1783445995838 581.8181818181818 96
1783445995841 587.8787878787879 97
1783445995843 593.9393939393939 98
1783445995846 600.0 99
