1785343839332 0.0 0
1785343839334 6.0606060606060606 1
1785343839336 12.121212121212121 2
1785343839338 18.18181818181818 3
1785343839339 24.242424242424242 4
1785343839341 30.303030303030305 5
1785343839342 36.36363636363636 6
1785343839344 42.42424242424242 7
1785343839345 48.484848484848484 8
1785343839347 54.54545454545455 9
1785343839349 60.60606060606061 10
1785343839350 66.66666666666667 11
1785343839352 72.72727272727272 12
1785343839353 78.78787878787878 13
1785343839355 84.84848484848484 14
1785343839356 90.9090909090909 15
1785343839364 96.96969696969697 16
1785343839369 103.03030303030303 17
1785343839372 109.0909090909091 18
1785343839374 115.15151515151516 19
1785343839379 121.21212121212122 20
1785343839383 127.27272727272727 21
1785343839388 133.33333333333334 22
1785343839391 139.3939393939394 23
1785343839393 145.45454545454544 24
1785343839396 151.5151515151515 25
1785343839398 157.57575757575756 26
1785343839400 163.63636363636363 27
1785343839402 169.6969696969697 28
1785343839406 175.75757575757575 29
1785343839408 181.8181818181818 30
1785343839409 187.87878787878788 31
1785343839411 193.93939393939394 32
1785343839413 200.0 33
1785343839415 206.06060606060606 34
1785343839417 212.12121212121212 35
1785343839418 218.1818181818182 36
1785343839422 224.24242424242425 37
1785343839424 230.3030303030303 38
1785343839427 236.36363636363637 39
1785343839429 242.42424242424244 40
1785343839432 248.48484848484847 41
1785343839434 254.54545454545453 42
1785343839437 260.6060606060606 43
1785343839440 266.6666666666667 44
1785343839444 272.72727272727275 45
1785343839447 278.7878787878788 46
1785343839449 284.8484848484849 47
1785343839450 290.9090909090909 48
1785343839452 296.96969696969694 49
1785343839454 303.030303030303 50
1785343839456 309.09090909090907 51
1785343839458 315.1515151515151 52
1785343839460 321.2121212121212 53
1785343839462 327.27272727272725 54
1785343839464 333.3333333333333 55
1785343839466 339.3939393939394 56
1785343839468 345.45454545454544 57
1785343839470 351.5151515151515 58
1785343839472 357.57575757575756 59
1785343839474 363.6363636363636 60
1785343839475 369.6969696969697 61
1785343839478 375.75757575757575 62
1785343839481 381.8181818181818 63
1785343839483 387.8787878787879 64
1785343839485 393.93939393939394 65
1785343839487 400.0 66
1785343839488 406.06060606060606 67
1785343839490 412.1212121212121 68
1785343839492 418.1818181818182 69
1785343839494 424.24242424242425 70
1785343839495 430.3030303030303 71
1785343839498 436.3636363636364 72
1785343839499 442.42424242424244 73
1785343839501 448.4848484848485 74
1785343839503 454.54545454545456 75
1785343839504 460.6060606060606 76
1785343839506 466.6666666666667 77
1785343839507 472.72727272727275 78
1785343839508 478.7878787878788 79
1785343839510 484.8484848484849 80
1785343839511 490.9090909090909 81
1785343839513 496.96969696969694 82
1785343839516 503.030303030303 83
1785343839519 509.09090909090907 84
1785343839520 515.1515151515151 85
1785343839521 521.2121212121212 86
1785343839523 527.2727272727273 87
1785343839524 533.3333333333334 88
1785343839526 539.3939393939394 89
1785343839527 545.4545454545455 90
1785343839528 551.5151515151515 91
1785343839531 557.5757575757576 92
1785343839533 563.6363636363636 93
1785343839534 569.6969696969697 94
1785343839536 575.7575757575758 95
1785343839537 581.8181818181818 96
1785343839538 587.8787878787879 97
1785343839540 593.9393939393939 98
1785343839541 600.0 99
