1785343839146 0.0 0
1785343839148 -0.0007626515125749892 1
1785343839150 -0.0030402999487786743 2
1785343839152 -0.006817486156329138 3
1785343839153 -0.01207875098294446 4
1785343839154 -0.01880863527634271 5
1785343839156 -0.02699167988424193 6
1785343839158 -0.03661242565436023 7
1785343839159 -0.04765541343441567 8
1785343839161 -0.06010518407212631 9
1785343839162 -0.07394627841521022 10
1785343839164 -0.08916323731138552 11
1785343839165 -0.10574060160837022 12
1785343839167 -0.12366291215388246 13
1785343839169 -0.1429147097956403 14
1785343839171 -0.16348053538136176 15
1785343839173 -0.185344929758765 16
1785343839174 -0.2084924337755681 17
1785343839176 -0.23290758827948904 18
1785343839177 -0.2585749341182458 19
1785343839180 -0.28547901213955673 20
1785343839182 -0.3136043631911397 21
1785343839184 -0.3429355281207131 22
1785343839186 -0.37345704777599464 23
1785343839189 -0.40515346300470234 24
1785343839191 -0.4380093146545546 25
1785343839193 -0.4720091435732694 26
1785343839194 -0.5071374906085647 27
1785343839196 -0.5433788966081587 28
1785343839199 -0.5807179024197693 29
1785343839201 -0.6191390488911148 30
1785343839203 -0.6586268768699132 31
1785343839205 -0.6991659272038824 32
1785343839207 -0.7407407407407406 33
1785343839209 -0.783335858328206 34
1785343839211 -0.8269358208139965 35
1785343839213 -0.8715251690458302 36
1785343839216 -0.9170884438714253 37
1785343839220 -0.9636101861384998 38
1785343839224 -1.0110749366947716 39
1785343839227 -1.059467236387959 40
1785343839230 -1.1087716260657798 41
1785343839233 -1.1589726465759524 42
1785343839235 -1.2100548387661951 43
1785343839237 -1.2620027434842254 44
1785343839240 -1.3148009015777615 45
1785343839242 -1.3684338538945215 46
1785343839245 -1.4228861412822236 47
1785343839248 -1.4781423045885853 48
1785343839250 -1.534186884661326 49
1785343839252 -1.5910044223481628 50
1785343839254 -1.648579458496814 51
1785343839255 -1.7068965339549973 52
1785343839257 -1.7659401895704314 53
1785343839258 -1.8256949661908342 54
1785343839259 -1.8861454046639232 55
1785343839261 -1.9472760458374172 56
1785343839263 -2.0090714305590343 57
1785343839266 -2.071516099676492 58
1785343839268 -2.1345945940375084 59
1785343839269 -2.1982914544898025 60
1785343839270 -2.2625912218810904 61
1785343839272 -2.327478437059093 62
1785343839274 -2.392937640871525 63
1785343839275 -2.458953374166109 64
1785343839277 -2.525510177790558 65
1785343839278 -2.592592592592593 66
1785343839280 -2.660185159419932 67
1785343839282 -2.728272419120293 68
1785343839284 -2.796838912541393 69
1785343839285 -2.8658691805309506 70
1785343839286 -2.9353477639366843 71
1785343839288 -3.005259203606312 72
1785343839289 -3.0755880403875513 73
1785343839291 -3.146318815128122 74
1785343839292 -3.2174360686757386 75
1785343839294 -3.2889243418781233 76
1785343839297 -3.3607681755829906 77
1785343839299 -3.432952110638063 78
1785343839300 -3.5054606878910533 79
1785343839302 -3.5782784481896828 80
1785343839303 -3.6513899323816688 81
1785343839304 -3.724779681314729 82
1785343839306 -3.798432235836583 83
1785343839307 -3.872332136794947 84
1785343839309 -3.946463925037542 85
1785343839310 -4.020812141412082 86
1785343839312 -4.0953613267662865 87
1785343839314 -4.170096021947876 88
1785343839316 -4.245000767804566 89
1785343839317 -4.320060105184075 90
1785343839319 -4.39525857493412 91
1785343839320 -4.470580717902423 92
1785343839321 -4.546011074936697 93
1785343839322 -4.621534186884664 94
1785343839324 -4.69713459459404 95
1785343839326 -4.772796838912543 96
1785343839328 -4.8485054606878935 97
1785343839329 -4.924245000767805 98
1785343839331 -5.000000000000003 99
