1788264867678 0.0 0
1788264867678 -0.0007626515125749897 1
1788264867678 -0.003040299948778675 2
1788264867694 -0.006817486156329138 3
1788264867695 -0.012078750982944458 4
1788264867700 -0.018808635276342703 5
1788264867700 -0.02699167988424192 6
1788264867705 -0.036612425654360216 7
1788264867711 -0.04765541343441565 8
1788264867716 -0.060105184072126276 9
1788264867716 -0.07394627841521018 10
1788264867716 -0.08916323731138547 11
1788264867716 -0.10574060160837014 12
1788264867728 -0.12366291215388237 13
1788264867731 -0.1429147097956402 14
1788264867733 -0.16348053538136165 15
1788264867735 -0.18534492975876488 16
1788264867738 -0.2084924337755679 17
1788264867740 -0.23290758827948888 18
1788264867742 -0.25857493411824567 19
1788264867746 -0.2854790121395567 20
1788264867748 -0.3136043631911397 21
1788264867750 -0.34293552812071304 22
1788264867752 -0.37345704777599464 23
1788264867755 -0.40515346300470245 24
1788264867757 -0.4380093146545547 25
1788264867760 -0.47200914357326956 26
1788264867761 -0.507137490608565 27
1788264867761 -0.543378896608159 28
1788264867761 -0.5807179024197697 29
1788264867761 -0.6191390488911153 30
1788264867761 -0.6586268768699137 31
1788264867761 -0.699165927203883 32
1788264867776 -0.7407407407407414 33
1788264867778 -0.7833358583282068 34
1788264867778 -0.8269358208139972 35
1788264867778 -0.8715251690458312 36
1788264867778 -0.9170884438714262 37
1788264867778 -0.9636101861385005 38
1788264867778 -1.0110749366947727 39
1788264867795 -1.0594672363879598 40
1788264867795 -1.1087716260657807 41
1788264867795 -1.1589726465759536 42
1788264867801 -1.210054838766196 43
1788264867801 -1.2620027434842265 44
1788264867806 -1.3148009015777626 45
1788264867806 -1.3684338538945229 46
1788264867811 -1.4228861412822247 47
1788264867811 -1.4781423045885866 48
1788264867811 -1.5341868846613274 49
1788264867811 -1.5910044223481639 50
1788264867811 -1.648579458496815 51
1788264867811 -1.7068965339549984 52
1788264867811 -1.7659401895704325 53
1788264867827 -1.825694966190835 54
1788264867830 -1.886145404663924 55
1788264867833 -1.947276045837418 56
1788264867838 -2.0090714305590347 57
1788264867840 -2.0715160996764923 58
1788264867842 -2.134594594037509 59
1788264867846 -2.1982914544898025 60
1788264867849 -2.2625912218810904 61
1788264867852 -2.327478437059093 62
1788264867854 -2.3929376408715246 63
1788264867856 -2.458953374166108 64
1788264867858 -2.5255101777905566 65
1788264867863 -2.5925925925925926 66
1788264867868 -2.660185159419931 67
1788264867870 -2.7282724191202923 68
1788264867872 -2.796838912541391 69
1788264867874 -2.865869180530949 70
1788264867877 -2.9353477639366825 71
1788264867880 -3.00525920360631 72
1788264867882 -3.075588040387549 73
1788264867885 -3.1463188151281196 74
1788264867887 -3.217436068675736 75
1788264867889 -3.288924341878121 76
1788264867892 -3.3607681755829875 77
1788264867894 -3.432952110638059 78
1788264867898 -3.505460687891049 79
1788264867900 -3.5782784481896797 80
1788264867902 -3.651389932381665 81
1788264867905 -3.724779681314725 82
1788264867908 -3.7984322358365796 83
1788264867911 -3.872332136794942 84
1788264867911 -3.946463925037537 85
1788264867911 -4.020812141412077 86
1788264867911 -4.095361326766281 87
1788264867923 -4.17009602194787 88
1788264867923 -4.245000767804558 89
1788264867928 -4.3200601051840675 90
1788264867928 -4.395258574934114 91
1788264867934 -4.470580717902416 92
1788264867935 -4.54601107493669 93
1788264867935 -4.621534186884658 94
1788264867935 -4.697134594594032 95
1788264867943 -4.7727968389125355 96
1788264867948 -4.848505460687887 97
1788264867950 -4.9242450007678 98
1788264867953 -4.9999999999999964 99
