1788264867956 0.0 0
1788264867956 6.0606060606060606 1
1788264867963 12.121212121212121 2
1788264867966 18.18181818181818 3
1788264867969 24.242424242424242 4
1788264867971 30.303030303030305 5
1788264867974 36.36363636363636 6
1788264867977 42.42424242424242 7
1788264867980 48.484848484848484 8
1788264867985 54.54545454545455 9
1788264867996 60.60606060606061 10
1788264868006 66.66666666666667 11
1788264868009 72.72727272727272 12
1788264868016 78.78787878787878 13
1788264868021 84.84848484848484 14
1788264868027 90.9090909090909 15
1788264868033 96.96969696969697 16
1788264868036 103.03030303030303 17
1788264868036 109.0909090909091 18
1788264868048 115.15151515151516 19
1788264868051 121.21212121212122 20
1788264868058 127.27272727272727 21
1788264868061 133.33333333333334 22
1788264868061 139.3939393939394 23
1788264868061 145.45454545454544 24
1788264868061 151.5151515151515 25
1788264868061 157.57575757575756 26
1788264868078 163.63636363636363 27
1788264868079 169.6969696969697 28
1788264868083 175.75757575757575 29
1788264868083 181.8181818181818 30
1788264868090 187.87878787878788 31
1788264868090 193.93939393939394 32
1788264868095 200.0 33
1788264868095 206.06060606060606 34
1788264868095 212.12121212121212 35
1788264868095 218.1818181818182 36
1788264868128 224.24242424242425 37
1788264868144 230.3030303030303 38
1788264868145 236.36363636363637 39
1788264868145 242.42424242424244 40
1788264868156 248.48484848484847 41
1788264868156 254.54545454545453 42
1788264868161 260.6060606060606 43
1788264868161 266.6666666666667 44
1788264868161 272.72727272727275 45
1788264868161 278.7878787878788 46
1788264868161 284.8484848484849 47
1788264868161 290.9090909090909 48
1788264868161 296.96969696969694 49
1788264868177 303.030303030303 50
1788264868178 309.09090909090907 51
1788264868178 315.1515151515151 52
1788264868178 321.2121212121212 53
1788264868178 327.27272727272725 54
1788264868178 333.3333333333333 55
1788264868178 339.3939393939394 56
1788264868194 345.45454545454544 57
1788264868197 351.5151515151515 58
1788264868199 357.57575757575756 59
1788264868199 363.6363636363636 60
1788264868199 369.6969696969697 61
1788264868206 375.75757575757575 62
1788264868209 381.8181818181818 63
1788264868213 387.8787878787879 64
1788264868216 393.93939393939394 65
1788264868218 400.0 66
1788264868220 406.06060606060606 67
1788264868222 412.1212121212121 68
1788264868224 418.1818181818182 69
1788264868226 424.24242424242425 70
1788264868229 430.3030303030303 71
1788264868232 436.3636363636364 72
1788264868234 442.42424242424244 73
1788264868236 448.4848484848485 74
1788264868238 454.54545454545456 75
1788264868240 460.6060606060606 76
1788264868243 466.6666666666667 77
1788264868245 472.72727272727275 78
1788264868251 478.7878787878788 79
1788264868255 484.8484848484849 80
1788264868257 490.9090909090909 81
1788264868260 496.96969696969694 82
1788264868262 503.030303030303 83
1788264868262 509.09090909090907 84
1788264868262 515.1515151515151 85
1788264868272 521.2121212121212 86
1788264868274 527.2727272727273 87
1788264868277 533.3333333333334 88
1788264868279 539.3939393939394 89
1788264868279 545.4545454545455 90
1788264868279 551.5151515151515 91
1788264868279 557.5757575757576 92
1788264868279 563.6363636363636 93
1788264868279 569.6969696969697 94
1788264868294 575.7575757575758 95
1788264868295 581.8181818181818 96
1788264868295 587.8787878787879 97
1788264868295 593.9393939393939 98
1788264868295 600.0 99
