1783517385943 0.0 0
1783517385945 -0.0007626515125749894 1
1783517385953 -0.0030402999487786735 2
1783517385953 -0.0068174861563291365 3
1783517385953 -0.01207875098294446 4
1783517385962 -0.018808635276342703 5
1783517385964 -0.026991679884241934 6
1783517385967 -0.03661242565436024 7
1783517385970 -0.04765541343441568 8
1783517385973 -0.06010518407212633 9
1783517385976 -0.07394627841521026 10
1783517385979 -0.08916323731138556 11
1783517385983 -0.10574060160837027 12
1783517385986 -0.12366291215388252 13
1783517385989 -0.14291470979564042 14
1783517385991 -0.16348053538136192 15
1783517385993 -0.1853449297587652 16
1783517385995 -0.2084924337755684 17
1783517385999 -0.2329075882794894 18
1783517386001 -0.25857493411824567 19
1783517386003 -0.2854790121395566 20
1783517386005 -0.31360436319113966 21
1783517386012 -0.342935528120713 22
1783517386015 -0.37345704777599453 23
1783517386019 -0.40515346300470223 24
1783517386022 -0.4380093146545545 25
1783517386026 -0.4720091435732693 26
1783517386030 -0.5071374906085646 27
1783517386033 -0.5433788966081585 28
1783517386037 -0.5807179024197692 29
1783517386041 -0.6191390488911146 30
1783517386044 -0.6586268768699131 31
1783517386045 -0.6991659272038822 32
1783517386053 -0.7407407407407405 33
1783517386053 -0.7833358583282057 34
1783517386062 -0.8269358208139963 35
1783517386066 -0.8715251690458299 36
1783517386069 -0.9170884438714251 37
1783517386074 -0.9636101861384994 38
1783517386078 -1.011074936694771 39
1783517386082 -1.0594672363879587 40
1783517386085 -1.1087716260657796 41
1783517386089 -1.158972646575952 42
1783517386092 -1.2100548387661947 43
1783517386097 -1.2620027434842251 44
1783517386097 -1.3148009015777613 45
1783517386103 -1.3684338538945213 46
1783517386103 -1.4228861412822233 47
1783517386112 -1.478142304588585 48
1783517386116 -1.5341868846613258 49
1783517386120 -1.5910044223481623 50
1783517386123 -1.6485794584968136 51
1783517386127 -1.706896533954997 52
1783517386131 -1.7659401895704312 53
1783517386135 -1.825694966190834 54
1783517386139 -1.8861454046639228 55
1783517386142 -1.9472760458374172 56
1783517386145 -2.009071430559034 57
1783517386152 -2.0715160996764914 58
1783517386154 -2.1345945940375084 59
1783517386156 -2.198291454489802 60
1783517386158 -2.26259122188109 61
1783517386162 -2.3274784370590926 62
1783517386165 -2.3929376408715246 63
1783517386168 -2.458953374166108 64
1783517386170 -2.5255101777905575 65
1783517386173 -2.592592592592593 66
1783517386175 -2.6601851594199317 67
1783517386178 -2.728272419120293 68
1783517386182 -2.7968389125413924 69
1783517386185 -2.865869180530951 70
1783517386188 -2.935347763936684 71
1783517386192 -3.0052592036063115 72
1783517386195 -3.0755880403875513 73
1783517386199 -3.146318815128122 74
1783517386202 -3.2174360686757386 75
1783517386204 -3.2889243418781238 76
1783517386210 -3.360768175582991 77
1783517386213 -3.432952110638063 78
1783517386216 -3.5054606878910537 79
1783517386218 -3.5782784481896845 80
1783517386221 -3.651389932381669 81
1783517386223 -3.72477968131473 82
1783517386225 -3.7984322358365845 83
1783517386229 -3.8723321367949484 84
1783517386233 -3.9464639250375426 85
1783517386237 -4.020812141412083 86
1783517386240 -4.095361326766288 87
1783517386244 -4.170096021947878 88
1783517386245 -4.245000767804566 89
1783517386245 -4.320060105184077 90
1783517386253 -4.395258574934122 91
1783517386255 -4.470580717902425 92
1783517386255 -4.546011074936699 93
1783517386255 -4.621534186884666 94
1783517386264 -4.697134594594043 95
1783517386266 -4.772796838912546 96
1783517386268 -4.848505460687897 97
1783517386271 -4.924245000767809 98
1783517386274 -5.000000000000006 99
