1783517386276 0.0 0
1783517386280 6.0606060606060606 1
1783517386283 12.121212121212121 2
1783517386286 18.18181818181818 3
1783517386290 24.242424242424242 4
1783517386294 30.303030303030305 5
1783517386295 36.36363636363636 6
1783517386303 42.42424242424242 7
1783517386305 48.484848484848484 8
1783517386312 54.54545454545455 9
1783517386315 60.60606060606061 10
1783517386318 66.66666666666667 11
1783517386322 72.72727272727272 12
1783517386324 78.78787878787878 13
1783517386329 84.84848484848484 14
1783517386336 90.9090909090909 15
1783517386339 96.96969696969697 16
1783517386343 103.03030303030303 17
1783517386347 109.0909090909091 18
1783517386351 115.15151515151516 19
1783517386356 121.21212121212122 20
1783517386358 127.27272727272727 21
1783517386365 133.33333333333334 22
1783517386369 139.3939393939394 23
1783517386373 145.45454545454544 24
1783517386376 151.5151515151515 25
1783517386379 157.57575757575756 26
1783517386383 163.63636363636363 27
1783517386386 169.6969696969697 28
1783517386390 175.75757575757575 29
1783517386394 181.8181818181818 30
1783517386395 187.87878787878788 31
1783517386401 193.93939393939394 32
1783517386404 200.0 33
1783517386408 206.06060606060606 34
1783517386412 212.12121212121212 35
1783517386415 218.1818181818182 36
1783517386419 224.24242424242425 37
1783517386422 230.3030303030303 38
1783517386425 236.36363636363637 39
1783517386429 242.42424242424244 40
1783517386433 248.48484848484847 41
1783517386436 254.54545454545453 42
1783517386440 260.6060606060606 43
1783517386444 266.6666666666667 44
1783517386447 272.72727272727275 45
1783517386453 278.7878787878788 46
1783517386457 284.8484848484849 47
1783517386460 290.9090909090909 48
1783517386463 296.96969696969694 49
1783517386466 303.030303030303 50
1783517386468 309.09090909090907 51
1783517386471 315.1515151515151 52
1783517386473 321.2121212121212 53
1783517386476 327.27272727272725 54
1783517386479 333.3333333333333 55
1783517386482 339.3939393939394 56
1783517386485 345.45454545454544 57
1783517386490 351.5151515151515 58
1783517386493 357.57575757575756 59
1783517386495 363.6363636363636 60
1783517386495 369.6969696969697 61
1783517386495 375.75757575757575 62
1783517386508 381.8181818181818 63
1783517386512 387.8787878787879 64
1783517386515 393.93939393939394 65
1783517386518 400.0 66
1783517386522 406.06060606060606 67
1783517386526 412.1212121212121 68
1783517386530 418.1818181818182 69
1783517386534 424.24242424242425 70
1783517386538 430.3030303030303 71
1783517386541 436.3636363636364 72
1783517386545 442.42424242424244 73
1783517386545 448.4848484848485 74
1783517386545 454.54545454545456 75
1783517386545 460.6060606060606 76
1783517386545 466.6666666666667 77
1783517386556 472.72727272727275 78
1783517386558 478.7878787878788 79
1783517386564 484.8484848484849 80
1783517386567 490.9090909090909 81
1783517386571 496.96969696969694 82
1783517386574 503.030303030303 83
1783517386578 509.09090909090907 84
1783517386581 515.1515151515151 85
1783517386583 521.2121212121212 86
1783517386586 527.2727272727273 87
1783517386588 533.3333333333334 88
1783517386591 539.3939393939394 89
1783517386594 545.4545454545455 90
1783517386595 551.5151515151515 91
1783517386595 557.5757575757576 92
1783517386604 563.6363636363636 93
1783517386609 569.6969696969697 94
1783517386614 575.7575757575758 95
1783517386618 581.8181818181818 96
1783517386622 587.8787878787879 97
1783517386625 593.9393939393939 98
1783517386629 600.0 99
