1788264866273 0.0 0
1788264866280 -0.0007626515125749894 1
1788264866283 -0.0030402999487786735 2
1788264866287 -0.0068174861563291365 3
1788264866287 -0.01207875098294446 4
1788264866287 -0.018808635276342703 5
1788264866293 -0.026991679884241934 6
1788264866295 -0.03661242565436024 7
1788264866297 -0.04765541343441568 8
1788264866300 -0.06010518407212633 9
1788264866303 -0.07394627841521026 10
1788264866307 -0.08916323731138556 11
1788264866311 -0.10574060160837027 12
1788264866313 -0.12366291215388252 13
1788264866316 -0.14291470979564042 14
1788264866319 -0.16348053538136192 15
1788264866321 -0.1853449297587652 16
1788264866324 -0.2084924337755684 17
1788264866327 -0.2329075882794894 18
1788264866328 -0.25857493411824567 19
1788264866332 -0.2854790121395566 20
1788264866334 -0.31360436319113966 21
1788264866337 -0.342935528120713 22
1788264866337 -0.37345704777599453 23
1788264866342 -0.40515346300470223 24
1788264866345 -0.4380093146545545 25
1788264866345 -0.4720091435732693 26
1788264866345 -0.5071374906085646 27
1788264866345 -0.5433788966081585 28
1788264866361 -0.5807179024197692 29
1788264866361 -0.6191390488911146 30
1788264866372 -0.6586268768699131 31
1788264866374 -0.6991659272038822 32
1788264866377 -0.7407407407407405 33
1788264866378 -0.7833358583282057 34
1788264866384 -0.8269358208139963 35
1788264866388 -0.8715251690458299 36
1788264866388 -0.9170884438714251 37
1788264866396 -0.9636101861384994 38
1788264866399 -1.011074936694771 39
1788264866403 -1.0594672363879587 40
1788264866403 -1.1087716260657796 41
1788264866403 -1.158972646575952 42
1788264866412 -1.2100548387661947 43
1788264866415 -1.2620027434842251 44
1788264866418 -1.3148009015777613 45
1788264866420 -1.3684338538945213 46
1788264866422 -1.4228861412822233 47
1788264866425 -1.478142304588585 48
1788264866428 -1.5341868846613258 49
1788264866432 -1.5910044223481623 50
1788264866435 -1.6485794584968136 51
1788264866437 -1.706896533954997 52
1788264866440 -1.7659401895704312 53
1788264866441 -1.825694966190834 54
1788264866444 -1.8861454046639228 55
1788264866445 -1.9472760458374172 56
1788264866445 -2.009071430559034 57
1788264866445 -2.0715160996764914 58
1788264866455 -2.1345945940375084 59
1788264866457 -2.198291454489802 60
1788264866461 -2.26259122188109 61
1788264866461 -2.3274784370590926 62
1788264866461 -2.3929376408715246 63
1788264866471 -2.458953374166108 64
1788264866471 -2.5255101777905575 65
1788264866478 -2.592592592592593 66
1788264866478 -2.6601851594199317 67
1788264866478 -2.728272419120293 68
1788264866478 -2.7968389125413924 69
1788264866489 -2.865869180530951 70
1788264866494 -2.935347763936684 71
1788264866495 -3.0052592036063115 72
1788264866495 -3.0755880403875513 73
1788264866495 -3.146318815128122 74
1788264866495 -3.2174360686757386 75
1788264866495 -3.2889243418781238 76
1788264866495 -3.360768175582991 77
1788264866495 -3.432952110638063 78
1788264866512 -3.5054606878910537 79
1788264866516 -3.5782784481896845 80
1788264866517 -3.651389932381669 81
1788264866517 -3.72477968131473 82
1788264866517 -3.7984322358365845 83
1788264866517 -3.8723321367949484 84
1788264866531 -3.9464639250375426 85
1788264866534 -4.020812141412083 86
1788264866537 -4.095361326766288 87
1788264866539 -4.170096021947878 88
1788264866541 -4.245000767804566 89
1788264866543 -4.320060105184077 90
1788264866546 -4.395258574934122 91
1788264866548 -4.470580717902425 92
1788264866550 -4.546011074936699 93
1788264866552 -4.621534186884666 94
1788264866554 -4.697134594594043 95
1788264866556 -4.772796838912546 96
1788264866558 -4.848505460687897 97
1788264866560 -4.924245000767809 98
1788264866562 -5.000000000000006 99
