1783430737915 0.0 0
1783430737917 -0.0007626515125749897 1
1783430737919 -0.003040299948778675 2
1783430737920 -0.006817486156329138 3
1783430737922 -0.012078750982944458 4
1783430737923 -0.018808635276342703 5
1783430737925 -0.02699167988424192 6
1783430737926 -0.036612425654360216 7
1783430737928 -0.04765541343441565 8
1783430737931 -0.060105184072126276 9
1783430737934 -0.07394627841521018 10
1783430737936 -0.08916323731138547 11
1783430737937 -0.10574060160837014 12
1783430737938 -0.12366291215388237 13
1783430737940 -0.1429147097956402 14
1783430737941 -0.16348053538136165 15
1783430737943 -0.18534492975876488 16
1783430737945 -0.2084924337755679 17
1783430737947 -0.23290758827948888 18
1783430737948 -0.25857493411824567 19
1783430737950 -0.2854790121395567 20
1783430737952 -0.3136043631911397 21
1783430737954 -0.34293552812071304 22
1783430737956 -0.37345704777599464 23
1783430737958 -0.40515346300470245 24
1783430737960 -0.4380093146545547 25
1783430737962 -0.47200914357326956 26
1783430737964 -0.507137490608565 27
1783430737966 -0.543378896608159 28
1783430737968 -0.5807179024197697 29
1783430737970 -0.6191390488911153 30
1783430737972 -0.6586268768699137 31
1783430737973 -0.699165927203883 32
1783430737976 -0.7407407407407414 33
1783430737978 -0.7833358583282068 34
1783430737980 -0.8269358208139972 35
1783430737982 -0.8715251690458312 36
1783430737984 -0.9170884438714262 37
1783430737985 -0.9636101861385005 38
1783430737986 -1.0110749366947727 39
1783430737988 -1.0594672363879598 40
1783430737990 -1.1087716260657807 41
1783430737992 -1.1589726465759536 42
1783430737994 -1.210054838766196 43
1783430737995 -1.2620027434842265 44
1783430737997 -1.3148009015777626 45
1783430737999 -1.3684338538945229 46
1783430738000 -1.4228861412822247 47
1783430738001 -1.4781423045885866 48
1783430738004 -1.5341868846613274 49
1783430738006 -1.5910044223481639 50
1783430738007 -1.648579458496815 51
1783430738009 -1.7068965339549984 52
1783430738011 -1.7659401895704325 53
1783430738012 -1.825694966190835 54
1783430738014 -1.886145404663924 55
1783430738017 -1.947276045837418 56
1783430738018 -2.0090714305590347 57
1783430738019 -2.0715160996764923 58
1783430738021 -2.134594594037509 59
1783430738023 -2.1982914544898025 60
1783430738026 -2.2625912218810904 61
1783430738028 -2.327478437059093 62
1783430738030 -2.3929376408715246 63
1783430738032 -2.458953374166108 64
1783430738034 -2.5255101777905566 65
1783430738037 -2.5925925925925926 66
1783430738039 -2.660185159419931 67
1783430738042 -2.7282724191202923 68
1783430738043 -2.796838912541391 69
1783430738044 -2.865869180530949 70
1783430738045 -2.9353477639366825 71
1783430738049 -3.00525920360631 72
1783430738051 -3.075588040387549 73
1783430738052 -3.1463188151281196 74
1783430738053 -3.217436068675736 75
1783430738055 -3.288924341878121 76
1783430738057 -3.3607681755829875 77
1783430738059 -3.432952110638059 78
1783430738061 -3.505460687891049 79
1783430738062 -3.5782784481896797 80
1783430738065 -3.651389932381665 81
1783430738066 -3.724779681314725 82
1783430738067 -3.7984322358365796 83
1783430738069 -3.872332136794942 84
1783430738070 -3.946463925037537 85
1783430738071 -4.020812141412077 86
1783430738072 -4.095361326766281 87
1783430738073 -4.17009602194787 88
1783430738074 -4.245000767804558 89
1783430738075 -4.3200601051840675 90
1783430738076 -4.395258574934114 91
1783430738078 -4.470580717902416 92
1783430738080 -4.54601107493669 93
1783430738081 -4.621534186884658 94
1783430738082 -4.697134594594032 95
1783430738083 -4.7727968389125355 96
1783430738084 -4.848505460687887 97
1783430738085 -4.9242450007678 98
1783430738086 -4.9999999999999964 99
