1783430738087 0.0 0
1783430738089 6.0606060606060606 1
1783430738091 12.121212121212121 2
1783430738092 18.18181818181818 3
1783430738093 24.242424242424242 4
1783430738094 30.303030303030305 5
1783430738095 36.36363636363636 6
1783430738097 42.42424242424242 7
1783430738098 48.484848484848484 8
1783430738099 54.54545454545455 9
1783430738100 60.60606060606061 10
1783430738101 66.66666666666667 11
1783430738103 72.72727272727272 12
1783430738104 78.78787878787878 13
1783430738105 84.84848484848484 14
1783430738106 90.9090909090909 15
1783430738107 96.96969696969697 16
1783430738108 103.03030303030303 17
1783430738110 109.0909090909091 18
1783430738111 115.15151515151516 19
1783430738112 121.21212121212122 20
1783430738113 127.27272727272727 21
1783430738115 133.33333333333334 22
1783430738116 139.3939393939394 23
1783430738117 145.45454545454544 24
1783430738118 151.5151515151515 25
1783430738119 157.57575757575756 26
1783430738120 163.63636363636363 27
1783430738121 169.6969696969697 28
1783430738122 175.75757575757575 29
1783430738124 181.8181818181818 30
1783430738125 187.87878787878788 31
1783430738126 193.93939393939394 32
1783430738127 200.0 33
1783430738128 206.06060606060606 34
1783430738129 212.12121212121212 35
1783430738131 218.1818181818182 36
1783430738132 224.24242424242425 37
1783430738133 230.3030303030303 38
1783430738134 236.36363636363637 39
1783430738135 242.42424242424244 40
1783430738136 248.48484848484847 41
1783430738137 254.54545454545453 42
1783430738139 260.6060606060606 43
1783430738140 266.6666666666667 44
1783430738141 272.72727272727275 45
1783430738142 278.7878787878788 46
1783430738144 284.8484848484849 47
1783430738145 290.9090909090909 48
1783430738145 296.96969696969694 49
1783430738147 303.030303030303 50
1783430738148 309.09090909090907 51
1783430738149 315.1515151515151 52
1783430738150 321.2121212121212 53
1783430738151 327.27272727272725 54
1783430738153 333.3333333333333 55
1783430738154 339.3939393939394 56
1783430738155 345.45454545454544 57
1783430738156 351.5151515151515 58
1783430738158 357.57575757575756 59
1783430738160 363.6363636363636 60
1783430738162 369.6969696969697 61
1783430738164 375.75757575757575 62
1783430738164 381.8181818181818 63
1783430738166 387.8787878787879 64
1783430738168 393.93939393939394 65
1783430738169 400.0 66
1783430738170 406.06060606060606 67
1783430738172 412.1212121212121 68
1783430738175 418.1818181818182 69
1783430738176 424.24242424242425 70
1783430738177 430.3030303030303 71
1783430738178 436.3636363636364 72
1783430738179 442.42424242424244 73
1783430738180 448.4848484848485 74
1783430738181 454.54545454545456 75
1783430738182 460.6060606060606 76
1783430738185 466.6666666666667 77
1783430738186 472.72727272727275 78
1783430738187 478.7878787878788 79
1783430738188 484.8484848484849 80
1783430738189 490.9090909090909 81
1783430738191 496.96969696969694 82
1783430738192 503.030303030303 83
1783430738193 509.09090909090907 84
1783430738194 515.1515151515151 85
1783430738195 521.2121212121212 86
1783430738196 527.2727272727273 87
1783430738197 533.3333333333334 88
1783430738199 539.3939393939394 89
1783430738201 545.4545454545455 90
1783430738203 551.5151515151515 91
1783430738204 557.5757575757576 92
1783430738205 563.6363636363636 93
1783430738206 569.6969696969697 94
1783430738207 575.7575757575758 95
1783430738209 581.8181818181818 96
1783430738210 587.8787878787879 97
1783430738211 593.9393939393939 98
1783430738212 600.0 99
